Makespan: 1687
Start: 0
End: 241
OPERATIONS SEQUENCE: 
1,2,3,4,5,6,7,8,9,10,11,12,13,14,15,16
17,18,19,20,21,22,23,24,25,26,27,28,29,30,31,32
33,34,35,36,37,38,39,40,41,42,43,44,45,46,47,48
49,50,51,52,53,54,55,56,57,58,59,60,61,62,63,64
65,66,67,68,69,70,71,72,73,74,75,76,77,78,79,80
81,82,83,84,85,86,87,88,89,90,91,92,93,94,95,96
97,98,99,100,101,102,103,104,105,106,107,108,109,110,111,112
113,114,115,116,117,118,119,120,121,122,123,124,125,126,127,128
129,130,131,132,133,134,135,136,137,138,139,140,141,142,143,144
145,146,147,148,149,150,151,152,153,154,155,156,157,158,159,160
161,162,163,164,165,166,167,168,169,170,171,172,173,174,175,176
177,178,179,180,181,182,183,184,185,186,187,188,189,190,191,192
193,194,195,196,197,198,199,200,201,202,203,204,205,206,207,208
209,210,211,212,213,214,215,216,217,218,219,220,221,222,223,224
225,226,227,228,229,230,231,232,233,234,235,236,237,238,239,240
MACHINE PREDECESSOR INFO: OPERATION, MACHINE PREDECESSOR 
1,129
2,82
3,132
4,101
5,136
6,103
7,104
8,138
9,93
10,141
11,143
12,66
13,19
14,209
15,21
16
17,166
18,233
19,170
20,39
21,206
22,190
23,40
24,172
25,54
26,215
27,57
28,55
29,43
30,59
31,73
32
33,228
34,89
35,90
36,4
37,199
38,140
39,184
40,49
41,236
42,114
43,175
44,72
45,56
46,26
47,218
48
49,11
50,68
51,110
52,111
53,211
54,173
55,41
56,212
57,238
58,44
59,119
60,74
61,121
62,122
63,79
64
65,35
66,201
67,8
68,187
69,169
70,205
71,20
72,22
73,116
74,239
75,23
76,42
77,45
78,27
79,47
80
81
82,145
83
84
85,98
86,163
87,102
88,151
89,134
90,198
91,230
92,36
93,153
94,157
95,168
96
97
98
99
100,147
101,194
102,152
103,133
104,154
105,229
106,156
107,34
108,9
109,158
110,18
111,13
112
113,50
114,52
115,15
116,53
117,214
118,24
119,216
120,25
121,46
122,217
123,58
124,28
125,77
126,78
127,220
128
129
130
131,146
132,81
133,161
134,150
135,226
136,179
137,227
138,87
139,155
140,88
141,106
142,92
143,183
144
145,97
146
147
148,83
149,177
150
151,178
152,225
153,135
154,86
155,165
156,33
157,6
158,231
159,142
160
161
162,148
163,130
164,149
165,85
166,137
167,107
168,37
169,159
170,186
171,67
172,109
173,70
174,14
175,213
176
177,1
178,99
179,100
180,84
181,197
182,139
183,105
184,232
185,167
186,202
187,108
188,17
189,69
190,210
191,207
192
193
194
195,2
196,162
197,3
198,164
199,5
200,7
201,182
202,91
203,38
204,94
205,10
206,185
207,171
208
209,203
210,234
211,235
212,188
213,113
214,51
215,191
216,237
217,71
218,118
219,76
220,75
221,60
222,124
223,120
224
225
226,193
227,195
228,180
229,196
230,131
231,181
232,200
233,65
234,204
235,95
236,12
237,189
238,174
239,115
240