Makespan: 12265
Start: 0
End: 2101
OPERATIONS SEQUENCE: 
1,2,3,4,5,6,7,8,9,10,11,12,13,14,15,16,17,18,19,20,21
22,23,24,25,26,27,28,29,30,31,32,33,34,35,36,37,38,39,40,41,42
43,44,45,46,47,48,49,50,51,52,53,54,55,56,57,58,59,60,61,62,63
64,65,66,67,68,69,70,71,72,73,74,75,76,77,78,79,80,81,82,83,84
85,86,87,88,89,90,91,92,93,94,95,96,97,98,99,100,101,102,103,104,105
106,107,108,109,110,111,112,113,114,115,116,117,118,119,120,121,122,123,124,125,126
127,128,129,130,131,132,133,134,135,136,137,138,139,140,141,142,143,144,145,146,147
148,149,150,151,152,153,154,155,156,157,158,159,160,161,162,163,164,165,166,167,168
169,170,171,172,173,174,175,176,177,178,179,180,181,182,183,184,185,186,187,188,189
190,191,192,193,194,195,196,197,198,199,200,201,202,203,204,205,206,207,208,209,210
211,212,213,214,215,216,217,218,219,220,221,222,223,224,225,226,227,228,229,230,231
232,233,234,235,236,237,238,239,240,241,242,243,244,245,246,247,248,249,250,251,252
253,254,255,256,257,258,259,260,261,262,263,264,265,266,267,268,269,270,271,272,273
274,275,276,277,278,279,280,281,282,283,284,285,286,287,288,289,290,291,292,293,294
295,296,297,298,299,300,301,302,303,304,305,306,307,308,309,310,311,312,313,314,315
316,317,318,319,320,321,322,323,324,325,326,327,328,329,330,331,332,333,334,335,336
337,338,339,340,341,342,343,344,345,346,347,348,349,350,351,352,353,354,355,356,357
358,359,360,361,362,363,364,365,366,367,368,369,370,371,372,373,374,375,376,377,378
379,380,381,382,383,384,385,386,387,388,389,390,391,392,393,394,395,396,397,398,399
400,401,402,403,404,405,406,407,408,409,410,411,412,413,414,415,416,417,418,419,420
421,422,423,424,425,426,427,428,429,430,431,432,433,434,435,436,437,438,439,440,441
442,443,444,445,446,447,448,449,450,451,452,453,454,455,456,457,458,459,460,461,462
463,464,465,466,467,468,469,470,471,472,473,474,475,476,477,478,479,480,481,482,483
484,485,486,487,488,489,490,491,492,493,494,495,496,497,498,499,500,501,502,503,504
505,506,507,508,509,510,511,512,513,514,515,516,517,518,519,520,521,522,523,524,525
526,527,528,529,530,531,532,533,534,535,536,537,538,539,540,541,542,543,544,545,546
547,548,549,550,551,552,553,554,555,556,557,558,559,560,561,562,563,564,565,566,567
568,569,570,571,572,573,574,575,576,577,578,579,580,581,582,583,584,585,586,587,588
589,590,591,592,593,594,595,596,597,598,599,600,601,602,603,604,605,606,607,608,609
610,611,612,613,614,615,616,617,618,619,620,621,622,623,624,625,626,627,628,629,630
631,632,633,634,635,636,637,638,639,640,641,642,643,644,645,646,647,648,649,650,651
652,653,654,655,656,657,658,659,660,661,662,663,664,665,666,667,668,669,670,671,672
673,674,675,676,677,678,679,680,681,682,683,684,685,686,687,688,689,690,691,692,693
694,695,696,697,698,699,700,701,702,703,704,705,706,707,708,709,710,711,712,713,714
715,716,717,718,719,720,721,722,723,724,725,726,727,728,729,730,731,732,733,734,735
736,737,738,739,740,741,742,743,744,745,746,747,748,749,750,751,752,753,754,755,756
757,758,759,760,761,762,763,764,765,766,767,768,769,770,771,772,773,774,775,776,777
778,779,780,781,782,783,784,785,786,787,788,789,790,791,792,793,794,795,796,797,798
799,800,801,802,803,804,805,806,807,808,809,810,811,812,813,814,815,816,817,818,819
820,821,822,823,824,825,826,827,828,829,830,831,832,833,834,835,836,837,838,839,840
841,842,843,844,845,846,847,848,849,850,851,852,853,854,855,856,857,858,859,860,861
862,863,864,865,866,867,868,869,870,871,872,873,874,875,876,877,878,879,880,881,882
883,884,885,886,887,888,889,890,891,892,893,894,895,896,897,898,899,900,901,902,903
904,905,906,907,908,909,910,911,912,913,914,915,916,917,918,919,920,921,922,923,924
925,926,927,928,929,930,931,932,933,934,935,936,937,938,939,940,941,942,943,944,945
946,947,948,949,950,951,952,953,954,955,956,957,958,959,960,961,962,963,964,965,966
967,968,969,970,971,972,973,974,975,976,977,978,979,980,981,982,983,984,985,986,987
988,989,990,991,992,993,994,995,996,997,998,999,1000,1001,1002,1003,1004,1005,1006,1007,1008
1009,1010,1011,1012,1013,1014,1015,1016,1017,1018,1019,1020,1021,1022,1023,1024,1025,1026,1027,1028,1029
1030,1031,1032,1033,1034,1035,1036,1037,1038,1039,1040,1041,1042,1043,1044,1045,1046,1047,1048,1049,1050
1051,1052,1053,1054,1055,1056,1057,1058,1059,1060,1061,1062,1063,1064,1065,1066,1067,1068,1069,1070,1071
1072,1073,1074,1075,1076,1077,1078,1079,1080,1081,1082,1083,1084,1085,1086,1087,1088,1089,1090,1091,1092
1093,1094,1095,1096,1097,1098,1099,1100,1101,1102,1103,1104,1105,1106,1107,1108,1109,1110,1111,1112,1113
1114,1115,1116,1117,1118,1119,1120,1121,1122,1123,1124,1125,1126,1127,1128,1129,1130,1131,1132,1133,1134
1135,1136,1137,1138,1139,1140,1141,1142,1143,1144,1145,1146,1147,1148,1149,1150,1151,1152,1153,1154,1155
1156,1157,1158,1159,1160,1161,1162,1163,1164,1165,1166,1167,1168,1169,1170,1171,1172,1173,1174,1175,1176
1177,1178,1179,1180,1181,1182,1183,1184,1185,1186,1187,1188,1189,1190,1191,1192,1193,1194,1195,1196,1197
1198,1199,1200,1201,1202,1203,1204,1205,1206,1207,1208,1209,1210,1211,1212,1213,1214,1215,1216,1217,1218
1219,1220,1221,1222,1223,1224,1225,1226,1227,1228,1229,1230,1231,1232,1233,1234,1235,1236,1237,1238,1239
1240,1241,1242,1243,1244,1245,1246,1247,1248,1249,1250,1251,1252,1253,1254,1255,1256,1257,1258,1259,1260
1261,1262,1263,1264,1265,1266,1267,1268,1269,1270,1271,1272,1273,1274,1275,1276,1277,1278,1279,1280,1281
1282,1283,1284,1285,1286,1287,1288,1289,1290,1291,1292,1293,1294,1295,1296,1297,1298,1299,1300,1301,1302
1303,1304,1305,1306,1307,1308,1309,1310,1311,1312,1313,1314,1315,1316,1317,1318,1319,1320,1321,1322,1323
1324,1325,1326,1327,1328,1329,1330,1331,1332,1333,1334,1335,1336,1337,1338,1339,1340,1341,1342,1343,1344
1345,1346,1347,1348,1349,1350,1351,1352,1353,1354,1355,1356,1357,1358,1359,1360,1361,1362,1363,1364,1365
1366,1367,1368,1369,1370,1371,1372,1373,1374,1375,1376,1377,1378,1379,1380,1381,1382,1383,1384,1385,1386
1387,1388,1389,1390,1391,1392,1393,1394,1395,1396,1397,1398,1399,1400,1401,1402,1403,1404,1405,1406,1407
1408,1409,1410,1411,1412,1413,1414,1415,1416,1417,1418,1419,1420,1421,1422,1423,1424,1425,1426,1427,1428
1429,1430,1431,1432,1433,1434,1435,1436,1437,1438,1439,1440,1441,1442,1443,1444,1445,1446,1447,1448,1449
1450,1451,1452,1453,1454,1455,1456,1457,1458,1459,1460,1461,1462,1463,1464,1465,1466,1467,1468,1469,1470
1471,1472,1473,1474,1475,1476,1477,1478,1479,1480,1481,1482,1483,1484,1485,1486,1487,1488,1489,1490,1491
1492,1493,1494,1495,1496,1497,1498,1499,1500,1501,1502,1503,1504,1505,1506,1507,1508,1509,1510,1511,1512
1513,1514,1515,1516,1517,1518,1519,1520,1521,1522,1523,1524,1525,1526,1527,1528,1529,1530,1531,1532,1533
1534,1535,1536,1537,1538,1539,1540,1541,1542,1543,1544,1545,1546,1547,1548,1549,1550,1551,1552,1553,1554
1555,1556,1557,1558,1559,1560,1561,1562,1563,1564,1565,1566,1567,1568,1569,1570,1571,1572,1573,1574,1575
1576,1577,1578,1579,1580,1581,1582,1583,1584,1585,1586,1587,1588,1589,1590,1591,1592,1593,1594,1595,1596
1597,1598,1599,1600,1601,1602,1603,1604,1605,1606,1607,1608,1609,1610,1611,1612,1613,1614,1615,1616,1617
1618,1619,1620,1621,1622,1623,1624,1625,1626,1627,1628,1629,1630,1631,1632,1633,1634,1635,1636,1637,1638
1639,1640,1641,1642,1643,1644,1645,1646,1647,1648,1649,1650,1651,1652,1653,1654,1655,1656,1657,1658,1659
1660,1661,1662,1663,1664,1665,1666,1667,1668,1669,1670,1671,1672,1673,1674,1675,1676,1677,1678,1679,1680
1681,1682,1683,1684,1685,1686,1687,1688,1689,1690,1691,1692,1693,1694,1695,1696,1697,1698,1699,1700,1701
1702,1703,1704,1705,1706,1707,1708,1709,1710,1711,1712,1713,1714,1715,1716,1717,1718,1719,1720,1721,1722
1723,1724,1725,1726,1727,1728,1729,1730,1731,1732,1733,1734,1735,1736,1737,1738,1739,1740,1741,1742,1743
1744,1745,1746,1747,1748,1749,1750,1751,1752,1753,1754,1755,1756,1757,1758,1759,1760,1761,1762,1763,1764
1765,1766,1767,1768,1769,1770,1771,1772,1773,1774,1775,1776,1777,1778,1779,1780,1781,1782,1783,1784,1785
1786,1787,1788,1789,1790,1791,1792,1793,1794,1795,1796,1797,1798,1799,1800,1801,1802,1803,1804,1805,1806
1807,1808,1809,1810,1811,1812,1813,1814,1815,1816,1817,1818,1819,1820,1821,1822,1823,1824,1825,1826,1827
1828,1829,1830,1831,1832,1833,1834,1835,1836,1837,1838,1839,1840,1841,1842,1843,1844,1845,1846,1847,1848
1849,1850,1851,1852,1853,1854,1855,1856,1857,1858,1859,1860,1861,1862,1863,1864,1865,1866,1867,1868,1869
1870,1871,1872,1873,1874,1875,1876,1877,1878,1879,1880,1881,1882,1883,1884,1885,1886,1887,1888,1889,1890
1891,1892,1893,1894,1895,1896,1897,1898,1899,1900,1901,1902,1903,1904,1905,1906,1907,1908,1909,1910,1911
1912,1913,1914,1915,1916,1917,1918,1919,1920,1921,1922,1923,1924,1925,1926,1927,1928,1929,1930,1931,1932
1933,1934,1935,1936,1937,1938,1939,1940,1941,1942,1943,1944,1945,1946,1947,1948,1949,1950,1951,1952,1953
1954,1955,1956,1957,1958,1959,1960,1961,1962,1963,1964,1965,1966,1967,1968,1969,1970,1971,1972,1973,1974
1975,1976,1977,1978,1979,1980,1981,1982,1983,1984,1985,1986,1987,1988,1989,1990,1991,1992,1993,1994,1995
1996,1997,1998,1999,2000,2001,2002,2003,2004,2005,2006,2007,2008,2009,2010,2011,2012,2013,2014,2015,2016
2017,2018,2019,2020,2021,2022,2023,2024,2025,2026,2027,2028,2029,2030,2031,2032,2033,2034,2035,2036,2037
2038,2039,2040,2041,2042,2043,2044,2045,2046,2047,2048,2049,2050,2051,2052,2053,2054,2055,2056,2057,2058
2059,2060,2061,2062,2063,2064,2065,2066,2067,2068,2069,2070,2071,2072,2073,2074,2075,2076,2077,2078,2079
2080,2081,2082,2083,2084,2085,2086,2087,2088,2089,2090,2091,2092,2093,2094,2095,2096,2097,2098,2099,2100
MACHINE PREDECESSOR INFO: OPERATION, MACHINE PREDECESSOR 
1,1368
2,619
3,334
4,70
5,1133
6,1178
7,1267
8,624
9,931
10,1180
11,1182
12,76
13,935
14,1817
15,937
16,1275
17,1188
18,1820
19,1189
20,943
21
22,1058
23,1059
24,1875
25,1544
26,175
27,1545
28,2095
29,1551
30,2063
31,239
32,309
33,1248
34,683
35,1894
36,1251
37,684
38,1249
39,2074
40,1330
41,349
42
43,913
44,1454
45,1354
46,1476
47,1480
48,86
49,1118
50,92
51,722
52,317
53,319
54,95
55,951
56,1362
57,1726
58,725
59,1725
60,954
61,955
62,437
63
64,957
65,558
66,1736
67,1594
68,1639
69,1262
70,331
71,1369
72,1742
73,1810
74,830
75,827
76,534
77,835
78,934
79,11
80,1651
81,1380
82,1376
83,941
84
85,647
86,1456
87,1116
88,916
89,1576
90,715
91,1482
92,720
93,1581
94,1175
95,1487
96,1489
97,320
98,1469
99,321
100,56
101,610
102,58
103,64
104,1128
105
106,671
107,40
108,1664
109,746
110,1338
111,1334
112,1696
113,1746
114,1341
115,1902
116,1039
117,1795
118,708
119,1672
120,711
121,1042
122,575
123,709
124,1935
125,1802
126
127,1629
128,1628
129,979
130,1430
131,1633
132,1912
133,1521
134,1913
135,275
136,1842
137,1843
138,397
139,1231
140,452
141,281
142,1441
143,1530
144,197
145,2041
146,1597
147
148,2038
149,285
150,141
151,458
152,2018
153,2017
154,293
155,499
156,2046
157,203
158,201
159,1416
160,2080
161,2028
162,806
163,1609
164,295
165,1540
166,883
167,1062
168
169,1077
170,2089
171,2091
172,884
173,1213
174,23
175,1085
176,1975
177,1065
178,1064
179,233
180,890
181,891
182,1880
183,2098
184,1241
185,306
186,240
187,1682
188,308
189
190,450
191,1524
192,856
193,453
194,282
195,858
196,491
197,1408
198,460
199,786
200,291
201,2021
202,145
203,497
204,153
205,2023
206,503
207,1928
208,1201
209,1707
210
211,1098
212,1103
213,1392
214,514
215,1393
216,516
217,1107
218,518
219,2008
220,1004
221,1776
222,872
223,1109
224,874
225,1777
226,1400
227,372
228,1314
229,1311
230,877
231
232,2092
233,887
234,303
235,652
236,656
237,653
238,1550
239,897
240,2062
241,29
242,664
243,1886
244,675
245,680
246,681
247,1893
248,2068
249,738
250,2070
251,694
252
253,1750
254,1797
255,1796
256,1671
257,712
258,1044
259,1957
260,1753
261,1938
262,1556
263,596
264,1944
265,1971
266,603
267,472
268,908
269,582
270,422
271,1157
272,644
273
274,1154
275,1519
276,1637
277,396
278,1840
279,982
280,1844
281,1528
282,1232
283,778
284,1233
285,489
286,1847
287,1442
288,495
289,784
290,142
291,1411
292,144
293,2019
294
295,1537
296,1871
297,161
298,169
299,1613
300,1427
301,1611
302,170
303,171
304,817
305,1070
306,1068
307,1090
308,676
309,242
310,1246
311,2066
312,1247
313,1891
314,668
315
316,93
317,548
318,723
319,724
320,431
321,1466
322,761
323,555
324,57
325,611
326,821
327,960
328,613
329,1591
330,439
331,769
332,1738
333,528
334,828
335,1263
336
337,1985
338,31
339,1685
340,1887
341,244
342,1986
343,667
344,246
345,1252
346,1327
347,1660
348,1896
349,2071
350,1331
351,2075
352,704
353,1900
354,751
355,707
356,1673
357
358,507
359,993
360,509
361,2001
362,1493
363,2005
364,868
365,1771
366,513
367,1288
368,217
369,219
370,218
371,1854
372,1110
373,1309
374,400
375,1301
376,1623
377,229
378
379,375
380,1319
381,1861
382,404
383,878
384,407
385,1321
386,1626
387,1144
388,1148
389,127
390,1225
391,1219
392,446
393,274
394,1153
395,1226
396,1636
397,854
398,983
399
400,1312
401,227
402,1620
403,879
404,1507
405,880
406,1508
407,881
408,1403
409,1863
410,1865
411,975
412,974
413,1146
414,972
415,1222
416,1837
417,849
418,1152
419,130
420
421,473
422,583
423,909
424,907
425,1471
426,1163
427,649
428,648
429,1169
430,650
431,1119
432,1583
433,1360
434,1486
435,1588
436,553
437,763
438,59
439,1729
440,326
441
442,403
443,968
444,1145
445,387
446,1510
447,415
448,1224
449,1151
450,417
451,1841
452,484
453,279
454,1437
455,1439
456,1846
457,494
458,283
459,195
460,287
461,1445
462
463,256
464,1958
465,591
466,590
467,259
468,594
469,634
470,599
471,638
472,1760
473,1759
474,1970
475,1562
476,905
477,1563
478,268
479,1567
480,1351
481,641
482,270
483
484,1431
485,1839
486,1520
487,1230
488,191
489,192
490,1440
491,1845
492,455
493,284
494,194
495,2039
496,1443
497,1446
498,1412
499,2042
500,2020
501,1414
502,1703
503,1198
504
505
506
507
508,990
509
510,1093
511,863
512,1389
513,2000
514,2004
515,1494
516,1395
517,1289
518,1290
519,1850
520,2011
521,1851
522,2014
523,1853
524,371
525
526,440
527,560
528,770
529,1807
530,1268
531,4
532,1177
533,926
534,832
535,928
536,8
537,9
538,1374
539,936
540,1274
541,1379
542,939
543,1655
544,1279
545,83
546
547,91
548,921
549,920
550,1361
551,1585
552,759
553,55
554,1727
555,434
556,435
557,764
558,956
559,100
560,766
561,329
562,1593
563,768
564,823
565,67
566,959
567
568,702
569,690
570,1257
571,113
572,1905
573,1699
574,118
575,1798
576,1745
577,1908
578,123
579,260
580,1675
581,1757
582,1965
583,1561
584,1564
585,267
586,477
587,1014
588
589,1933
590,355
591,1910
592,1800
593,258
594,1960
595,1804
596,633
597,467
598,579
599,637
600,1964
601,1758
602,635
603,1679
604,904
605,471
606,264
607,1973
608,1947
609
610,1731
611,1590
612,1364
613,822
614,102
615,1733
616,824
617,1735
618,563
619,561
620,332
621,774
622,1809
623,1269
624,1179
625,930
626,1815
627,1272
628,1375
629,1378
630
631,592
632,1048
633,1755
634,1959
635,1049
636,1940
637,1557
638,1555
639,1677
640,600
641,608
642,586
643,1352
644,1566
645,1353
646,1451
647,1452
648,1474
649,1450
650,1114
651
652,1876
653,1878
654,888
655,1976
656,1546
657,2059
658,179
659,2096
660,304
661,1981
662,1983
663,238
664,1883
665,674
666,1245
667,310
668,245
669,1687
670,346
671,2073
672
673,895
674,1240
675,305
676,1243
677,1552
678,663
679,2065
680,1242
681,311
682,340
683,342
684,250
685,35
686,1030
687,1031
688,350
689,1663
690,1336
691,1790
692,1668
693
694,2069
695,249
696,247
697,347
698,744
699,1993
700,1034
701,1695
702,1787
703,689
704,1744
705,1339
706,1035
707,1901
708,1038
709,1342
710,116
711,753
712,117
713,122
714
715,1460
716,1357
717,1171
718,428
719,1578
720,1577
721,1174
722,1484
723,1359
724,94
725,947
726,820
727,950
728,552
729,1728
730,554
731,557
732,612
733,325
734,765
735
736,337
737,338
738,187
739,902
740,32
741,248
742,344
743,1254
744,1990
745,1032
746,1033
747,1665
748,1694
749,1335
750,568
751,570
752,1343
753,1670
754,1037
755,1794
756
757,1122
758,1358
759,1465
760,1490
761,1724
762,1586
763,318
764,97
765,324
766,1734
767,1129
768,104
769,615
770,562
771,66
772,965
773,1808
774,1740
775,330
776,1265
777
778,1436
779,138
780,488
781,1438
782,857
783,454
784,859
785,196
786,288
787,1532
788,1447
789,1926
790,502
791,1600
792,1200
793,1202
794,208
795,1419
796,1072
797,1206
798
799,205
800,1705
801,2048
802,791
803,789
804,2049
805,2030
806,2085
807,1053
808,2035
809,1057
810,300
811,1615
812,1720
813,173
814,1616
815,174
816,24
817,176
818,1086
819
820,760
821,551
822,556
823,958
824,103
825,101
826,963
827,527
828,964
829,1642
830,775
831,71
832,1370
833,929
834,1645
835,532
836,335
837,1270
838,1647
839,13
840
841,405
842,1322
843,384
844,409
845,385
846,443
847,1511
848,128
849,1518
850,1223
851,449
852,393
853,1635
854,485
855,133
856,1523
857,486
858,1918
859,490
860,148
861
862
863
864,1765
865,1492
866,1999
867,2002
868,2006
869,998
870,215
871,2010
872,1307
873,520
874,1295
875,1297
876,1111
877,1138
878,1857
879,1858
880,1859
881,373
882
883,1081
884,1211
885,296
886,1719
887,811
888,1084
889,1542
890,1216
891,816
892,1879
893,1547
894,1088
895,2060
896,1881
897,1069
898,183
899,28
900,1885
901,1684
902,188
903
904,1678
905,1348
906,1968
907,605
908,607
909,606
910,640
911,421
912,480
913,587
914,1571
915,1477
916,1161
917,429
918,1356
919,1481
920,90
921,1461
922,1580
923,1582
924
925,620
926,829
927,622
928,5
929,1644
930,73
931,623
932,621
933,6
934,1373
935,1646
936,626
937,1185
938,1273
939,838
940,837
941,1653
942,1190
943,628
944,1382
945
946,721
947,1121
948,51
949,757
950,1584
951,96
952,1025
953,99
954,1028
955,1127
956,1363
957,729
958,322
959,438
960,1732
961,731
962,62
963,734
964,767
965,1641
966
967,876
968,401
969,228
970,1402
971,1318
972,1143
973,1141
974,1832
975,1405
976,1862
977,1509
978,1513
979,444
980,1516
981,448
982,132
983,1434
984,135
985,136
986,782
987
988
989
990
991
992
993,862
994,1100
995,864
996,866
997,1390
998,1495
999,1283
1000,1496
1001,216
1002,1773
1003,519
1004,1108
1005,1497
1006,2012
1007,873
1008
1009,1943
1010,1969
1011,1761
1012,475
1013,585
1014,1948
1015,476
1016,424
1017,1159
1018,911
1019,912
1020,1568
1021,1570
1022,1458
1023,1459
1024,1483
1025,1173
1026,1587
1027,727
1028,1126
1029
1030,669
1031,1328
1032,36
1033,1329
1034,106
1035,1332
1036,111
1037,1667
1038,1698
1039,1793
1040,114
1041,115
1042,755
1043,254
1044,356
1045,253
1046,257
1047,1909
1048,1803
1049,124
1050
1051,1711
1052,1074
1053,2031
1054,2086
1055,1426
1056,1078
1057,2088
1058,1614
1059,164
1060,299
1061,165
1062,1721
1063,810
1064,2093
1065,889
1066,1215
1067,813
1068,654
1069,1977
1070,657
1071
1072,1708
1073,2029
1074,160
1075,805
1076,1424
1077,1425
1078,1610
1079,1210
1080,807
1081,1612
1082,1212
1083,297
1084,1873
1085,812
1086,232
1087,1217
1088,1978
1089,27
1090,2061
1091,237
1092
1093
1094,505
1095
1096,506
1097,988
1098
1099,1996
1100
1101,1998
1102,1387
1103,995
1104,360
1105,213
1106,214
1107,999
1108,366
1109,364
1110,1296
1111,221
1112,1619
1113
1114,1472
1115,44
1116,1162
1117,1573
1118,915
1119,1579
1120,919
1121,1024
1122,922
1123,316
1124,1488
1125,946
1126,726
1127,1589
1128,1730
1129,1592
1130,327
1131,733
1132,616
1133,772
1134
1135,370
1136,223
1137,521
1138,1855
1139,1299
1140,1310
1141,402
1142,970
1143,377
1144,967
1145,1404
1146,976
1147,842
1148,1831
1149,846
1150,1867
1151,1836
1152,978
1153,848
1154,1630
1155
1156,1565
1157,1012
1158,1951
1159,479
1160,584
1161,1569
1162,1572
1163,643
1164,482
1165,1115
1166,1478
1167,1021
1168,1355
1169,1455
1170,1022
1171,1457
1172,89
1173,719
1174,48
1175,1464
1176
1177,1643
1178,776
1179,1813
1180,1812
1181,533
1182,833
1183,535
1184,1271
1185,1816
1186,627
1187,14
1188,834
1189,539
1190,1652
1191,540
1192,1278
1193,80
1194,1276
1195,1650
1196,1384
1197
1198,1413
1199,146
1200,500
1201,2025
1202,157
1203,1929
1204,207
1205,1931
1206,2083
1207,2082
1208,1420
1209,2084
1210,1423
1211,1054
1212,1713
1213,2090
1214,885
1215,1083
1216,1063
1217,815
1218
1219,1834
1220,386
1221,1866
1222,977
1223,445
1224,1150
1225,1631
1226,844
1227,129
1228,851
1229,131
1230,451
1231,277
1232,1914
1233,781
1234,985
1235,779
1236,492
1237,193
1238,860
1239
1240,893
1241,1089
1242,896
1243,1882
1244,30
1245,899
1246,241
1247,186
1248,679
1249,1889
1250,1987
1251,313
1252,1690
1253,740
1254,34
1255,695
1256,1692
1257,1898
1258,351
1259,1792
1260
1261,617
1262,1131
1263,618
1264,1640
1265,1132
1266,773
1267,771
1268,2
1269,1811
1270,531
1271,932
1272,1372
1273,536
1274,625
1275,629
1276,1818
1277,1187
1278,1821
1279,17
1280,82
1281
1282,1094
1283,865
1284,512
1285,508
1286,1768
1287,212
1288,1770
1289,362
1290,1305
1291,2007
1292,365
1293,1105
1294,1398
1295,1003
1296,2015
1297,1618
1298,523
1299,1779
1300,1137
1301,1782
1302
1303,1284
1304,1391
1305,2003
1306,1287
1307,2009
1308,1002
1309,1501
1310,1294
1311,1298
1312,224
1313,1780
1314,1112
1315,1781
1316,1621
1317,1783
1318,1506
1319,1624
1320,376
1321,442
1322,383
1323
1324,1686
1325,1688
1326,314
1327,739
1328,251
1329,696
1330,1255
1331,1992
1332,1693
1333,698
1334,1994
1335,699
1336,700
1337,1256
1338,747
1339,1666
1340,703
1341,1789
1342,1669
1343,1700
1344
1345,1962
1346,580
1347,601
1348,1967
1349,470
1350,1763
1351,1946
1352,1950
1353,423
1354,1016
1355,425
1356,427
1357,1166
1358,1170
1359,1120
1360,1462
1361,923
1362,1467
1363,762
1364,953
1365
1366,1261
1367,826
1368,564
1369,1264
1370,925
1371,72
1372,3
1373,1814
1374,7
1375,77
1376,1183
1377,1184
1378,1181
1379,933
1380,15
1381,938
1382,1277
1383,542
1384,1656
1385,544
1386
1387,989
1388,991
1389,992
1390,510
1391,511
1392,358
1393,361
1394,1766
1395,1286
1396,867
1397,869
1398,1772
1399,1499
1400,367
1401,1313
1402,1317
1403,230
1404,1830
1405,1829
1406,841
1407
1408,1529
1409,2040
1410,1237
1411,1238
1412,150
1413,1598
1414,2044
1415,1702
1416,2047
1417,800
1418,1602
1419,1204
1420,1603
1421,804
1422,2054
1423,790
1424,2053
1425,1712
1426,1205
1427,2055
1428
1429,416
1430,850
1431,1632
1432,392
1433,394
1434,1228
1435,390
1436,1915
1437,278
1438,1916
1439,1526
1440,1525
1441,780
1442,1235
1443,456
1444,1531
1445,286
1446,1409
1447,1921
1448,2022
1449
1450,1156
1451,478
1452,1017
1453,645
1454,1952
1455,272
1456,1574
1457,43
1458,914
1459,426
1460,1168
1461,1479
1462,88
1463,87
1464,1117
1465,1485
1466,432
1467,949
1468,1123
1469,550
1470
1471,1013
1472,1158
1473,1015
1474,1160
1475,1018
1476,1453
1477,271
1478,1020
1479,1164
1480,1167
1481,85
1482,1165
1483,918
1484,1463
1485,1172
1486,717
1487,1023
1488,50
1489,758
1490,1723
1491
1492
1493,1388
1494,1102
1495,1769
1496,1304
1497,1396
1498,1394
1499,1306
1500,1849
1501,1001
1502,1006
1503,222
1504,875
1505,1315
1506,226
1507,1316
1508,1140
1509,1828
1510,1514
1511,1220
1512
1513,1864
1514,1406
1515,411
1516,845
1517,414
1518,1868
1519,847
1520,389
1521,391
1522,1634
1523,1227
1524,981
1525,134
1526,852
1527,276
1528,398
1529,487
1530,783
1531,139
1532,457
1533
1534,788
1535,2051
1536,794
1537,1870
1538,2034
1539,163
1540,298
1541,1082
1542,301
1543,302
1544,1874
1545,167
1546,1066
1547,234
1548,655
1549,659
1550,2097
1551,182
1552,1884
1553,185
1554
1555,1961
1556,466
1557,1676
1558,1756
1559,597
1560,639
1561,1347
1562,1972
1563,604
1564,1010
1565,474
1566,1350
1567,269
1568,910
1569,481
1570,646
1571,1949
1572,1019
1573,1475
1574,1473
1575
1576,45
1577,917
1578,46
1579,47
1580,718
1581,716
1582,430
1583,49
1584,547
1585,948
1586,53
1587,52
1588,1125
1589,549
1590,436
1591,60
1592,730
1593,614
1594,1737
1595,825
1596
1597,493
1598,151
1599,290
1600,1415
1601,204
1602,1922
1603,2026
1604,2050
1605,1534
1606,1710
1607,796
1608,1535
1609,797
1610,1536
1611,1714
1612,1055
1613,1079
1614,1717
1615,2087
1616,1214
1617
1618,220
1619,1778
1620,524
1621,1856
1622,1135
1623,225
1624,1784
1625,374
1626,408
1627,1833
1628,1835
1629,1221
1630,412
1631,1517
1632,1515
1633,980
1634,1429
1635,413
1636,1838
1637,419
1638
1639,526
1640,1130
1641,1595
1642,1739
1643,1266
1644,529
1645,927
1646,1371
1647,10
1648,75
1649,12
1650,78
1651,537
1652,538
1653,1819
1654,1381
1655,81
1656,1823
1657,1191
1658,1824
1659
1660,1253
1661,741
1662,743
1663,38
1664,37
1665,686
1666,1991
1667,1337
1668,749
1669,1786
1670,1258
1671,1903
1672,354
1673,1751
1674,1906
1675,1749
1676,1045
1677,1963
1678,1345
1679,469
1680
1681,2099
1682,1548
1683,2064
1684,661
1685,677
1686,243
1687,312
1688,1988
1689,737
1690,1892
1691,343
1692,1895
1693,1662
1694,39
1695,1897
1696,1333
1697,2078
1698,1899
1699,1036
1700,352
1701
1702,202
1703,154
1704,785
1705,1925
1706,1599
1707,1927
1708,158
1709,206
1710,792
1711,1073
1712,1604
1713,1421
1714,1209
1715,1076
1716,1208
1717,1538
1718,1080
1719,1056
1720,1539
1721,808
1722
1723,433
1724,1124
1725,1468
1726,98
1727,54
1728,1026
1729,1027
1730,952
1731,323
1732,728
1733,61
1734,732
1735,961
1736,328
1737,962
1738,559
1739,65
1740,68
1741,69
1742,333
1743
1744,108
1745,1788
1746,1340
1747,1697
1748,750
1749,1040
1750,1954
1751,572
1752,1041
1753,121
1754,463
1755,125
1756,464
1757,262
1758,1939
1759,1966
1760,1560
1761,1559
1762,265
1763,1009
1764
1765
1766,1997
1767,1097
1768,1101
1769,1099
1770,996
1771,211
1772,1106
1773,1291
1774,1000
1775,1293
1776,1500
1777,1005
1778,871
1779,369
1780,522
1781,1136
1782,1503
1783,1504
1784,1300
1785
1786,2076
1787,41
1788,109
1789,701
1790,2077
1791,110
1792,569
1793,748
1794,705
1795,1904
1796,571
1797,752
1798,754
1799,1907
1800,119
1801,574
1802,577
1803,1956
1804,1936
1805,593
1806
1807,1366
1808,566
1809,565
1810,1
1811,1367
1812,1741
1813,74
1814,530
1815,831
1816,836
1817,1648
1818,1649
1819,1186
1820,1377
1821,839
1822,16
1823,940
1824,541
1825,1280
1826,942
1827
1828,380
1829,381
1830,382
1831,969
1832,1860
1833,843
1834,973
1835,410
1836,1625
1837,1147
1838,1149
1839,418
1840,395
1841,853
1842,1432
1843,1435
1844,1229
1845,1527
1846,1917
1847,986
1848
1849,363
1850,1498
1851,870
1852,1774
1853,1397
1854,2013
1855,1308
1856,1007
1857,1502
1858,1139
1859,1622
1860,1401
1861,1505
1862,379
1863,1142
1864,1320
1865,971
1866,406
1867,1627
1868,388
1869
1870,2032
1871,2033
1872,2057
1873,2056
1874,809
1875,1060
1876,172
1877,1061
1878,177
1879,26
1880,2094
1881,1980
1882,1979
1883,673
1884,1982
1885,662
1886,1984
1887,1244
1888,665
1889,736
1890
1891,339
1892,2067
1893,682
1894,1324
1895,1989
1896,1326
1897,742
1898,687
1899,688
1900,691
1901,1791
1902,692
1903,1259
1904,1747
1905,112
1906,1748
1907,573
1908,1955
1909,1934
1910,1043
1911
1912,1522
1913,447
1914,1433
1915,855
1916,190
1917,984
1918,137
1919,280
1920,1236
1921,149
1922,199
1923,2045
1924,1448
1925,152
1926,2024
1927,501
1928,155
1929,799
1930,1706
1931,2027
1932
1933,710
1934,255
1935,1674
1936,1752
1937,1754
1938,631
1939,632
1940,1805
1941,465
1942,598
1943,468
1944,1558
1945,1346
1946,263
1947,1762
1948,1349
1949,266
1950,906
1951,1011
1952,642
1953
1954,353
1955,706
1956,120
1957,1799
1958,713
1959,576
1960,1801
1961,1047
1962,1046
1963,589
1964,1937
1965,595
1966,261
1967,636
1968,581
1969,1941
1970,1942
1971,578
1972,602
1973,1945
1974
1975,886
1976,814
1977,1543
1978,25
1979,818
1980,1067
1981,1087
1982,658
1983,184
1984,1549
1985,1683
1986,307
1987,1553
1988,1888
1989,341
1990,33
1991,345
1992,1661
1993,2072
1994,697
1995
1996
1997,1095
1998
1999,1096
2000
2001,994
2002,1282
2003,1767
2004,359
2005,1303
2006,1285
2007,1104
2008,515
2009,997
2010,517
2011,1292
2012,1775
2013,1399
2014,368
2015,1852
2016
2017,289
2018,198
2019,2043
2020,1410
2021,496
2022,292
2023,461
2024,200
2025,1923
2026,156
2027,801
2028,802
2029,793
2030,1709
2031,159
2032,1422
2033,1052
2034,795
2035,1207
2036,1715
2037
2038,140
2039,1234
2040,1919
2041,1920
2042,1444
2043,459
2044,143
2045,498
2046,787
2047,1199
2048,1704
2049,1601
2050,1203
2051,1417
2052,1924
2053,1605
2054,2081
2055,1607
2056,162
2057,1075
2058
2059,892
2060,178
2061,235
2062,894
2063,1681
2064,898
2065,1091
2066,900
2067,678
2068,666
2069,901
2070,1250
2071,1325
2072,1691
2073,1689
2074,348
2075,685
2076,745
2077,107
2078,670
2079
2080,209
2081,1930
2082,1418
2083,2052
2084,803
2085,1606
2086,1608
2087,1051
2088,1716
2089,1872
2090,2036
2091,1718
2092,22
2093,1541
2094,166
2095,1877
2096,180
2097,181
2098,236
2099,660
2100