Makespan: 2031
Start: 0
End: 321
OPERATIONS SEQUENCE: 
1,2,3,4,5,6,7,8,9,10,11,12,13,14,15,16
17,18,19,20,21,22,23,24,25,26,27,28,29,30,31,32
33,34,35,36,37,38,39,40,41,42,43,44,45,46,47,48
49,50,51,52,53,54,55,56,57,58,59,60,61,62,63,64
65,66,67,68,69,70,71,72,73,74,75,76,77,78,79,80
81,82,83,84,85,86,87,88,89,90,91,92,93,94,95,96
97,98,99,100,101,102,103,104,105,106,107,108,109,110,111,112
113,114,115,116,117,118,119,120,121,122,123,124,125,126,127,128
129,130,131,132,133,134,135,136,137,138,139,140,141,142,143,144
145,146,147,148,149,150,151,152,153,154,155,156,157,158,159,160
161,162,163,164,165,166,167,168,169,170,171,172,173,174,175,176
177,178,179,180,181,182,183,184,185,186,187,188,189,190,191,192
193,194,195,196,197,198,199,200,201,202,203,204,205,206,207,208
209,210,211,212,213,214,215,216,217,218,219,220,221,222,223,224
225,226,227,228,229,230,231,232,233,234,235,236,237,238,239,240
241,242,243,244,245,246,247,248,249,250,251,252,253,254,255,256
257,258,259,260,261,262,263,264,265,266,267,268,269,270,271,272
273,274,275,276,277,278,279,280,281,282,283,284,285,286,287,288
289,290,291,292,293,294,295,296,297,298,299,300,301,302,303,304
305,306,307,308,309,310,311,312,313,314,315,316,317,318,319,320
MACHINE PREDECESSOR INFO: OPERATION, MACHINE PREDECESSOR 
1,156
2,61
3,245
4,237
5,35
6,183
7,250
8,253
9,87
10,107
11,271
12,88
13,187
14,302
15,217
16
17
18
19
20
21,66
22,274
23,193
24,65
25,226
26,67
27,313
28,52
29,280
30,114
31,78
32
33,178
34,159
35,99
36,209
37,294
38,239
39,265
40,266
41,297
42,8
43,91
44,296
45,109
46,10
47,301
48
49,130
50,162
51,165
52,276
53,25
54,314
55,134
56,150
57,319
58,140
59,171
60,286
61,155
62,258
63,285
64
65
66
67,273
68,306
69,49
70,277
71,196
72,22
73,166
74,229
75,152
76,200
77,318
78,113
79,201
80
81,1
82,119
83,181
84,98
85,295
86,103
87,122
88,267
89,255
90,40
91,186
92,123
93,188
94,14
95,46
96
97,287
98,259
99,291
100,261
101,33
102,34
103,37
104,36
105,120
106,213
107,184
108,90
109,299
110,218
111,44
112
113,136
114,284
115,170
116,153
117,205
118,236
119,244
120,207
121,293
122,251
123,212
124,39
125,269
126,42
127,216
128
129,20
130,161
131,275
132,23
133,71
134,149
135,228
136,54
137,168
138,232
139,317
140,169
141,77
142,202
143,204
144
145
146
147,18
148,225
149,312
150,70
151,198
152,135
153,199
154,29
155,233
156,175
157,60
158,235
159,117
160
161
162,307
163,21
164,309
165,68
166,147
167,281
168,315
169,316
170,76
171,139
172,289
173,141
174,203
175,31
176
177,116
178,157
179,290
180,81
181,2
182,4
183,82
184,210
185,38
186,254
187,41
188,270
189,220
190,219
191,92
192
193,305
194,129
195
196,308
197,50
198,311
199,282
200,53
201,137
202,57
203,55
204,243
205,173
206,59
207,158
208
209,179
210,263
211,248
212,5
213,182
214,84
215,7
216,185
217,86
218,300
219,126
220,108
221,9
222,303
223,111
224
225,17
226,310
227,69
228,197
229,132
230,72
231,28
232,151
233,167
234,56
235,58
236,143
237,142
238,180
239,262
240
241,30
242,79
243,154
244,257
245,63
246,97
247,260
248,238
249,83
250,102
251,264
252,104
253,85
254,105
255,106
256
257,234
258,242
259,241
260,177
261,206
262,246
263,292
264,101
265,249
266,121
267,252
268,211
269,89
270,298
271,43
272
273
274,145
275,146
276
277,164
278,195
279,148
280,51
281,133
282,27
283,73
284,75
285,138
286,172
287,174
288
289,74
290,115
291,62
292,118
293,3
294,247
295,100
296,6
297,214
298,215
299,268
300,124
301,125
302,127
303,11
304
305
306
307
308,19
309,194
310,131
311,163
312,24
313,227
314,278
315,279
316,26
317,230
318,231
319,283
320