Makespan: 2125
Start: 0
End: 321
OPERATIONS SEQUENCE: 
1,2,3,4,5,6,7,8,9,10,11,12,13,14,15,16
17,18,19,20,21,22,23,24,25,26,27,28,29,30,31,32
33,34,35,36,37,38,39,40,41,42,43,44,45,46,47,48
49,50,51,52,53,54,55,56,57,58,59,60,61,62,63,64
65,66,67,68,69,70,71,72,73,74,75,76,77,78,79,80
81,82,83,84,85,86,87,88,89,90,91,92,93,94,95,96
97,98,99,100,101,102,103,104,105,106,107,108,109,110,111,112
113,114,115,116,117,118,119,120,121,122,123,124,125,126,127,128
129,130,131,132,133,134,135,136,137,138,139,140,141,142,143,144
145,146,147,148,149,150,151,152,153,154,155,156,157,158,159,160
161,162,163,164,165,166,167,168,169,170,171,172,173,174,175,176
177,178,179,180,181,182,183,184,185,186,187,188,189,190,191,192
193,194,195,196,197,198,199,200,201,202,203,204,205,206,207,208
209,210,211,212,213,214,215,216,217,218,219,220,221,222,223,224
225,226,227,228,229,230,231,232,233,234,235,236,237,238,239,240
241,242,243,244,245,246,247,248,249,250,251,252,253,254,255,256
257,258,259,260,261,262,263,264,265,266,267,268,269,270,271,272
273,274,275,276,277,278,279,280,281,282,283,284,285,286,287,288
289,290,291,292,293,294,295,296,297,298,299,300,301,302,303,304
305,306,307,308,309,310,311,312,313,314,315,316,317,318,319,320
MACHINE PREDECESSOR INFO: OPERATION, MACHINE PREDECESSOR 
1,216
2,265
3,122
4,62
5,90
6,273
7,290
8,130
9,39
10,276
11,281
12,235
13,297
14,282
15,301
16
17,275
18,271
19,79
20,133
21,95
22,149
23,164
24,279
25,166
26,237
27,236
28,285
29,169
30,155
31,287
32
33,121
34,87
35,1
36,219
37,267
38,188
39,76
40,293
41,147
42,10
43,165
44,295
45,167
46,24
47,25
48
49,99
50
51,257
52,243
53,245
54,104
55,82
56,183
57,202
58,185
59,86
60,85
61,110
62,34
63,307
64
65,119
66,201
67,184
68,262
69,251
70,107
71,205
72,264
73,111
74,309
75,308
76,189
77,190
78,127
79,226
80
81,244
82,212
83,117
84,247
85,181
86,69
87,253
88,255
89,186
90,33
91,35
92,125
93,289
94,75
95,222
96
97
98
99
100
101
102,113
103,178
104,179
105,180
106,261
107,250
108,56
109,66
110,305
111,217
112
113
114,210
115,50
116,259
117,211
118,81
119,213
120,214
121,254
122,306
123,70
124,71
125,36
126,310
127,312
128
129,221
130,220
131,145
132,313
133,162
134,231
135,316
136,163
137,11
138,317
139,152
140,23
141,28
142,300
143,238
144
145,126
146,227
147,274
148,294
149,232
150,9
151,43
152,234
153,45
154,136
155,168
156,47
157,170
158,172
159,239
160
161,191
162,291
163,278
164,233
165,21
166,296
167,134
168,42
169,137
170,299
171,286
172,141
173,142
174,27
175,302
176
177
178,241
179
180,195
181,116
182,199
183,248
184,106
185,200
186,109
187,207
188,218
189,63
190,37
191,4
192
193,97
194
195
196,242
197
198,51
199,53
200,118
201,249
202,84
203,260
204,68
205,55
206,67
207,120
208
209
210,100
211,194
212,103
213,193
214,246
215,105
216,182
217,58
218,57
219,72
220,266
221,225
222,6
223,5
224
225,74
226,269
227,94
228,78
229,8
230,131
231,7
232,132
233,41
234,17
235,44
236,283
237,284
238,298
239,14
240
241
242,98
243,209
244
245,102
246,258
247,101
248,197
249,115
250,198
251,215
252,83
253,263
254,204
255,203
256
257,177
258,49
259,196
260,114
261,52
262,54
263,65
264,108
265,59
266,89
267,61
268,73
269,91
270,124
271,228
272
273,311
274,93
275,161
276,292
277,229
278,18
279,230
280,19
281,40
282,20
283,135
284,150
285,12
286,13
287,318
288
289,3
290,268
291,77
292,129
293,146
294,223
295,314
296,315
297,22
298,151
299,138
300,26
301,154
302,46
303,319
304
305,252
306,206
307,88
308,187
309,60
310,2
311,123
312,38
313,92
314,270
315,277
316,148
317,280
318,153
319,139
320