Makespan: 2374
Start: 0
End: 421
OPERATIONS SEQUENCE: 
1,2,3,4,5,6,7,8,9,10,11,12,13,14,15,16,17,18,19,20,21
22,23,24,25,26,27,28,29,30,31,32,33,34,35,36,37,38,39,40,41,42
43,44,45,46,47,48,49,50,51,52,53,54,55,56,57,58,59,60,61,62,63
64,65,66,67,68,69,70,71,72,73,74,75,76,77,78,79,80,81,82,83,84
85,86,87,88,89,90,91,92,93,94,95,96,97,98,99,100,101,102,103,104,105
106,107,108,109,110,111,112,113,114,115,116,117,118,119,120,121,122,123,124,125,126
127,128,129,130,131,132,133,134,135,136,137,138,139,140,141,142,143,144,145,146,147
148,149,150,151,152,153,154,155,156,157,158,159,160,161,162,163,164,165,166,167,168
169,170,171,172,173,174,175,176,177,178,179,180,181,182,183,184,185,186,187,188,189
190,191,192,193,194,195,196,197,198,199,200,201,202,203,204,205,206,207,208,209,210
211,212,213,214,215,216,217,218,219,220,221,222,223,224,225,226,227,228,229,230,231
232,233,234,235,236,237,238,239,240,241,242,243,244,245,246,247,248,249,250,251,252
253,254,255,256,257,258,259,260,261,262,263,264,265,266,267,268,269,270,271,272,273
274,275,276,277,278,279,280,281,282,283,284,285,286,287,288,289,290,291,292,293,294
295,296,297,298,299,300,301,302,303,304,305,306,307,308,309,310,311,312,313,314,315
316,317,318,319,320,321,322,323,324,325,326,327,328,329,330,331,332,333,334,335,336
337,338,339,340,341,342,343,344,345,346,347,348,349,350,351,352,353,354,355,356,357
358,359,360,361,362,363,364,365,366,367,368,369,370,371,372,373,374,375,376,377,378
379,380,381,382,383,384,385,386,387,388,389,390,391,392,393,394,395,396,397,398,399
400,401,402,403,404,405,406,407,408,409,410,411,412,413,414,415,416,417,418,419,420
MACHINE PREDECESSOR INFO: OPERATION, MACHINE PREDECESSOR 
1,270
2,40
3,38
4,49
5,415
6,384
7,183
8,275
9,151
10,152
11,228
12,203
13,155
14,158
15,53
16,289
17,188
18,307
19,204
20,207
21
22
23,402
24,109
25,404
26,361
27,238
28,258
29,94
30,174
31,137
32,337
33,330
34,218
35,220
36,338
37,82
38,249
39,44
40,381
41,125
42
43,122
44,340
45,192
46,274
47,344
48,346
49,226
50,300
51,386
52,390
53,353
54,304
55,156
56,157
57,205
58,290
59,160
60,292
61,208
62,397
63
64
65
66
67
68,127
69,128
70,23
71,403
72,111
73,24
74,211
75,360
76,213
77,367
78,260
79,368
80,216
81,242
82,219
83,143
84
85
86
87,64
88
89,68
90,130
91,256
92,129
93,132
94,135
95,364
96,212
97,324
98,28
99,136
100,116
101,259
102,75
103,410
104,119
105
106
107,85
108
109,317
110,233
111,319
112,66
113,257
114,322
115,363
116,27
117,25
118,99
119,76
120,261
121,245
122,33
123,376
124,412
125,46
126
127,400
128,86
129,401
130,253
131,22
132,235
133,234
134,71
135,318
136,26
137,115
138,409
139,101
140,103
141,30
142,331
143,175
144,332
145,266
146,379
147
148,350
149,301
150,281
151,302
152,184
153,6
154,418
155,185
156,356
157,355
158,54
159,286
160,285
161,16
162,395
163,15
164,313
165,310
166,61
167,312
168
169,405
170,113
171,407
172,366
173,118
174,408
175,329
176,32
177,246
178,374
179,145
180,36
181,272
182,296
183,298
184,279
185,200
186,303
187,354
188,393
189
190,81
191,177
192,35
193,146
194,342
195,124
196,276
197,297
198,227
199,2
200,282
201,388
202,150
203,419
204,154
205,287
206,391
207,187
208,394
209,163
210
211,92
212,321
213,365
214,98
215,100
216,173
217,102
218,243
219,263
220,120
221,333
222,141
223,123
224,380
225,43
226,347
227,278
228,195
229,9
230,161
231
232
233
234,316
235
236,87
237,72
238,323
239,112
240,97
241,96
242,172
243,328
244,79
245,264
246,104
247,29
248,80
249,268
250,375
251,178
252
253
254,358
255
256,232
257,89
258,362
259,73
260,325
261,240
262,327
263,369
264,370
265,326
266,372
267,142
268,144
269,31
270,191
271,222
272,343
273
274,250
275,295
276,345
277,334
278,413
279,348
280,414
281,48
282,349
283,4
284,182
285,7
286,201
287,186
288,11
289,52
290,306
291,12
292,309
293,308
294
295,341
296,224
297,180
298,193
299,225
300,277
301,41
302,280
303,352
304,385
305,198
306,148
307,392
308,56
309,153
310,206
311,159
312,291
313,288
314,10
315
316,107
317
318,67
319
320,131
321,70
322,90
323,254
324,134
325,93
326,74
327,239
328,170
329,214
330,138
331,244
332,217
333,121
334,248
335,269
336
337,371
338,373
339,411
340,190
341,377
342,37
343,223
344,83
345,179
346,271
347,251
348,382
349,299
350,387
351,50
352,416
353,284
354,389
355,199
356,305
357
358,65
359
360,106
361,255
362,110
363,236
364,237
365,406
366,114
367,91
368,117
369,171
370,169
371,78
372,241
373,140
374,139
375,265
376,247
377,34
378
379,339
380,267
381,221
382,45
383,39
384,194
385,196
386,181
387,1
388,5
389,149
390,197
391,417
392,202
393,55
394,8
395,57
396,13
397,164
398,19
399
400
401
402,108
403,359
404,88
405,69
406,320
407,133
408,95
409,77
410,262
411,215
412,176
413,335
414,383
415,47
416,3
417,283
418,351
419,51
420