Makespan: 2070
Start: 0
End: 321
OPERATIONS SEQUENCE: 
1,2,3,4,5,6,7,8,9,10,11,12,13,14,15,16
17,18,19,20,21,22,23,24,25,26,27,28,29,30,31,32
33,34,35,36,37,38,39,40,41,42,43,44,45,46,47,48
49,50,51,52,53,54,55,56,57,58,59,60,61,62,63,64
65,66,67,68,69,70,71,72,73,74,75,76,77,78,79,80
81,82,83,84,85,86,87,88,89,90,91,92,93,94,95,96
97,98,99,100,101,102,103,104,105,106,107,108,109,110,111,112
113,114,115,116,117,118,119,120,121,122,123,124,125,126,127,128
129,130,131,132,133,134,135,136,137,138,139,140,141,142,143,144
145,146,147,148,149,150,151,152,153,154,155,156,157,158,159,160
161,162,163,164,165,166,167,168,169,170,171,172,173,174,175,176
177,178,179,180,181,182,183,184,185,186,187,188,189,190,191,192
193,194,195,196,197,198,199,200,201,202,203,204,205,206,207,208
209,210,211,212,213,214,215,216,217,218,219,220,221,222,223,224
225,226,227,228,229,230,231,232,233,234,235,236,237,238,239,240
241,242,243,244,245,246,247,248,249,250,251,252,253,254,255,256
257,258,259,260,261,262,263,264,265,266,267,268,269,270,271,272
273,274,275,276,277,278,279,280,281,282,283,284,285,286,287,288
289,290,291,292,293,294,295,296,297,298,299,300,301,302,303,304
305,306,307,308,309,310,311,312,313,314,315,316,317,318,319,320
MACHINE PREDECESSOR INFO: OPERATION, MACHINE PREDECESSOR 
1,181
2,183
3,213
4,214
5,198
6,276
7,109
8,217
9,186
10,185
11,233
12,189
13,140
14,238
15,141
16
17,146
18,260
19,309
20,145
21,171
22,57
23,85
24,311
25,152
26,75
27,244
28,91
29,79
30,316
31,247
32
33
34,161
35,67
36,49
37,65
38,83
39,262
40,84
41,53
42,151
43,61
44,24
45,313
46,266
47,243
48
49
50
51,162
52,259
53,17
54,168
55,69
56,167
57,34
58,38
59,149
60,39
61,87
62,312
63,40
64
65
66
67
68,306
69,308
70,166
71,20
72,241
73,22
74,41
75,88
76,63
77,314
78,90
79,89
80
81,52
82,18
83,169
84,261
85,70
86,21
87,71
88,172
89,242
90,44
91,45
92,175
93,317
94,225
95,250
96
97,245
98,46
99,267
100,92
101,26
102,31
103,177
104,248
105,211
106,228
107,293
108,294
109,274
110,134
111,275
112
113,178
114,158
115,180
116,133
117,296
118,3
119,5
120,277
121,219
122,6
123,280
124,8
125,285
126,203
127,205
128
129,251
130,95
131,212
132,105
133,193
134,271
135,182
136,1
137,7
138,279
139,123
140,283
141,188
142,126
143,287
144
145
146,258
147,33
148,51
149,37
150,82
151,170
152,264
153,60
154,210
155,246
156,47
157,318
158,103
159,269
160
161
162
163,66
164,307
165,35
166,50
167,257
168,147
169,68
170,81
171,55
172,310
173,209
174,43
175,74
176
177,289
178,155
179,249
180,226
181,106
182,254
183,229
184,196
185,111
186,108
187,218
188,202
189,201
190,284
191,301
192
193,179
194,159
195,131
196,253
197,107
198,110
199,215
200,118
201,117
202,282
203,281
204,222
205,236
206,303
207,234
208
209,59
210,73
211,62
212,94
213,129
214,114
215,2
216,197
217,184
218,119
219,231
220,278
221,136
222,137
223,11
224
225,97
226,319
227,113
228,156
229,104
230,255
231,292
232,200
233,120
234,138
235,124
236,10
237,286
238,220
239,142
240
241,148
242,263
243,265
244,76
245,153
246,78
247,77
248,25
249,100
250,268
251,99
252,270
253,157
254,194
255,273
256
257
258,305
259
260,165
261,164
262,19
263,54
264,58
265,86
266,23
267,315
268,30
269,101
270,93
271,291
272
273,132
274,115
275,295
276,195
277,297
278,298
279,4
280,299
281,9
282,121
283,216
284,300
285,221
286,187
287,302
288
289,27
290,29
291,28
292,102
293,227
294,252
295,130
296,230
297,135
298,116
299,199
300,232
301,122
302,235
303,125
304
305
306
307
308
309,163
310,36
311,56
312,150
313,72
314,42
315,174
316,173
317,154
318,98
319,290
320