Makespan: 1691
Start: 0
End: 241
OPERATIONS SEQUENCE: 
1,2,3,4,5,6,7,8,9,10,11,12,13,14,15,16
17,18,19,20,21,22,23,24,25,26,27,28,29,30,31,32
33,34,35,36,37,38,39,40,41,42,43,44,45,46,47,48
49,50,51,52,53,54,55,56,57,58,59,60,61,62,63,64
65,66,67,68,69,70,71,72,73,74,75,76,77,78,79,80
81,82,83,84,85,86,87,88,89,90,91,92,93,94,95,96
97,98,99,100,101,102,103,104,105,106,107,108,109,110,111,112
113,114,115,116,117,118,119,120,121,122,123,124,125,126,127,128
129,130,131,132,133,134,135,136,137,138,139,140,141,142,143,144
145,146,147,148,149,150,151,152,153,154,155,156,157,158,159,160
161,162,163,164,165,166,167,168,169,170,171,172,173,174,175,176
177,178,179,180,181,182,183,184,185,186,187,188,189,190,191,192
193,194,195,196,197,198,199,200,201,202,203,204,205,206,207,208
209,210,211,212,213,214,215,216,217,218,219,220,221,222,223,224
225,226,227,228,229,230,231,232,233,234,235,236,237,238,239,240
MACHINE PREDECESSOR INFO: OPERATION, MACHINE PREDECESSOR 
1
2
3
4,17
5,145
6,179
7,180
8
9,50
10,231
11,71
12,164
13,21
14,154
15,236
16
17,65
18,177
19,149
20,209
21,183
22,10
23,11
24,12
25,72
26,14
27,187
28,238
29,171
30,133
31,101
32
33,55
34,56
35,76
36,189
37,60
38,61
39,218
40,199
41,121
42,190
43,221
44,175
45,202
46,141
47,91
48
49,2
50,18
51,6
52,163
53,20
54,22
55,212
56,235
57,26
58,99
59,25
60,29
61,170
62,114
63,113
64
65
66,226
67,49
68
69,150
70,8
71,210
72,182
73,157
74,213
75,159
76,129
77,169
78,100
79,36
80
81,239
82,34
83,77
84,217
85,115
86,136
87,137
88,31
89,41
90,123
91,223
92,205
93,109
94,110
95,40
96
97,23
98,130
99,214
100,81
101,35
102,83
103,135
104,174
105,87
106,43
107,139
108,120
109,204
110,45
111,142
112
113,132
114,194
115,30
116,173
117,102
118,198
119,200
120,86
121,103
122,38
123,201
124,105
125,104
126,222
127,92
128
129,156
130,158
131,74
132,188
133,193
134,196
135,172
136,37
137,39
138,220
139,62
140,42
141,118
142,44
143,203
144
145
146
147
148
149,3
150
151,66
152,181
153,67
154,230
155,184
156,233
157,165
158,54
159,234
160
161
162,228
163,178
164,151
165,51
166,69
167,153
168,53
169,33
170,131
171,215
172,195
173,59
174,134
175,119
176
177
178,1
179,225
180,147
181,4
182,229
183,227
184,70
185,232
186,167
187,15
188,97
189,98
190,58
191,84
192
193,73
194,27
195,216
196,82
197,28
198,78
199,63
200,191
201,219
202,138
203,117
204,122
205,140
206,108
207,126
208
209,7
210,162
211,152
212,13
213,185
214,24
215,237
216,75
217,57
218,197
219,79
220,116
221,85
222,88
223,107
224
225
226
227,146
228,148
229,5
230,68
231,161
232,19
233,52
234,9
235,211
236,166
237,155
238,186
239,168
240