Makespan: 11444
Start: 0
End: 2101
OPERATIONS SEQUENCE: 
1,2,3,4,5,6,7,8,9,10,11,12,13,14,15,16,17,18,19,20,21
22,23,24,25,26,27,28,29,30,31,32,33,34,35,36,37,38,39,40,41,42
43,44,45,46,47,48,49,50,51,52,53,54,55,56,57,58,59,60,61,62,63
64,65,66,67,68,69,70,71,72,73,74,75,76,77,78,79,80,81,82,83,84
85,86,87,88,89,90,91,92,93,94,95,96,97,98,99,100,101,102,103,104,105
106,107,108,109,110,111,112,113,114,115,116,117,118,119,120,121,122,123,124,125,126
127,128,129,130,131,132,133,134,135,136,137,138,139,140,141,142,143,144,145,146,147
148,149,150,151,152,153,154,155,156,157,158,159,160,161,162,163,164,165,166,167,168
169,170,171,172,173,174,175,176,177,178,179,180,181,182,183,184,185,186,187,188,189
190,191,192,193,194,195,196,197,198,199,200,201,202,203,204,205,206,207,208,209,210
211,212,213,214,215,216,217,218,219,220,221,222,223,224,225,226,227,228,229,230,231
232,233,234,235,236,237,238,239,240,241,242,243,244,245,246,247,248,249,250,251,252
253,254,255,256,257,258,259,260,261,262,263,264,265,266,267,268,269,270,271,272,273
274,275,276,277,278,279,280,281,282,283,284,285,286,287,288,289,290,291,292,293,294
295,296,297,298,299,300,301,302,303,304,305,306,307,308,309,310,311,312,313,314,315
316,317,318,319,320,321,322,323,324,325,326,327,328,329,330,331,332,333,334,335,336
337,338,339,340,341,342,343,344,345,346,347,348,349,350,351,352,353,354,355,356,357
358,359,360,361,362,363,364,365,366,367,368,369,370,371,372,373,374,375,376,377,378
379,380,381,382,383,384,385,386,387,388,389,390,391,392,393,394,395,396,397,398,399
400,401,402,403,404,405,406,407,408,409,410,411,412,413,414,415,416,417,418,419,420
421,422,423,424,425,426,427,428,429,430,431,432,433,434,435,436,437,438,439,440,441
442,443,444,445,446,447,448,449,450,451,452,453,454,455,456,457,458,459,460,461,462
463,464,465,466,467,468,469,470,471,472,473,474,475,476,477,478,479,480,481,482,483
484,485,486,487,488,489,490,491,492,493,494,495,496,497,498,499,500,501,502,503,504
505,506,507,508,509,510,511,512,513,514,515,516,517,518,519,520,521,522,523,524,525
526,527,528,529,530,531,532,533,534,535,536,537,538,539,540,541,542,543,544,545,546
547,548,549,550,551,552,553,554,555,556,557,558,559,560,561,562,563,564,565,566,567
568,569,570,571,572,573,574,575,576,577,578,579,580,581,582,583,584,585,586,587,588
589,590,591,592,593,594,595,596,597,598,599,600,601,602,603,604,605,606,607,608,609
610,611,612,613,614,615,616,617,618,619,620,621,622,623,624,625,626,627,628,629,630
631,632,633,634,635,636,637,638,639,640,641,642,643,644,645,646,647,648,649,650,651
652,653,654,655,656,657,658,659,660,661,662,663,664,665,666,667,668,669,670,671,672
673,674,675,676,677,678,679,680,681,682,683,684,685,686,687,688,689,690,691,692,693
694,695,696,697,698,699,700,701,702,703,704,705,706,707,708,709,710,711,712,713,714
715,716,717,718,719,720,721,722,723,724,725,726,727,728,729,730,731,732,733,734,735
736,737,738,739,740,741,742,743,744,745,746,747,748,749,750,751,752,753,754,755,756
757,758,759,760,761,762,763,764,765,766,767,768,769,770,771,772,773,774,775,776,777
778,779,780,781,782,783,784,785,786,787,788,789,790,791,792,793,794,795,796,797,798
799,800,801,802,803,804,805,806,807,808,809,810,811,812,813,814,815,816,817,818,819
820,821,822,823,824,825,826,827,828,829,830,831,832,833,834,835,836,837,838,839,840
841,842,843,844,845,846,847,848,849,850,851,852,853,854,855,856,857,858,859,860,861
862,863,864,865,866,867,868,869,870,871,872,873,874,875,876,877,878,879,880,881,882
883,884,885,886,887,888,889,890,891,892,893,894,895,896,897,898,899,900,901,902,903
904,905,906,907,908,909,910,911,912,913,914,915,916,917,918,919,920,921,922,923,924
925,926,927,928,929,930,931,932,933,934,935,936,937,938,939,940,941,942,943,944,945
946,947,948,949,950,951,952,953,954,955,956,957,958,959,960,961,962,963,964,965,966
967,968,969,970,971,972,973,974,975,976,977,978,979,980,981,982,983,984,985,986,987
988,989,990,991,992,993,994,995,996,997,998,999,1000,1001,1002,1003,1004,1005,1006,1007,1008
1009,1010,1011,1012,1013,1014,1015,1016,1017,1018,1019,1020,1021,1022,1023,1024,1025,1026,1027,1028,1029
1030,1031,1032,1033,1034,1035,1036,1037,1038,1039,1040,1041,1042,1043,1044,1045,1046,1047,1048,1049,1050
1051,1052,1053,1054,1055,1056,1057,1058,1059,1060,1061,1062,1063,1064,1065,1066,1067,1068,1069,1070,1071
1072,1073,1074,1075,1076,1077,1078,1079,1080,1081,1082,1083,1084,1085,1086,1087,1088,1089,1090,1091,1092
1093,1094,1095,1096,1097,1098,1099,1100,1101,1102,1103,1104,1105,1106,1107,1108,1109,1110,1111,1112,1113
1114,1115,1116,1117,1118,1119,1120,1121,1122,1123,1124,1125,1126,1127,1128,1129,1130,1131,1132,1133,1134
1135,1136,1137,1138,1139,1140,1141,1142,1143,1144,1145,1146,1147,1148,1149,1150,1151,1152,1153,1154,1155
1156,1157,1158,1159,1160,1161,1162,1163,1164,1165,1166,1167,1168,1169,1170,1171,1172,1173,1174,1175,1176
1177,1178,1179,1180,1181,1182,1183,1184,1185,1186,1187,1188,1189,1190,1191,1192,1193,1194,1195,1196,1197
1198,1199,1200,1201,1202,1203,1204,1205,1206,1207,1208,1209,1210,1211,1212,1213,1214,1215,1216,1217,1218
1219,1220,1221,1222,1223,1224,1225,1226,1227,1228,1229,1230,1231,1232,1233,1234,1235,1236,1237,1238,1239
1240,1241,1242,1243,1244,1245,1246,1247,1248,1249,1250,1251,1252,1253,1254,1255,1256,1257,1258,1259,1260
1261,1262,1263,1264,1265,1266,1267,1268,1269,1270,1271,1272,1273,1274,1275,1276,1277,1278,1279,1280,1281
1282,1283,1284,1285,1286,1287,1288,1289,1290,1291,1292,1293,1294,1295,1296,1297,1298,1299,1300,1301,1302
1303,1304,1305,1306,1307,1308,1309,1310,1311,1312,1313,1314,1315,1316,1317,1318,1319,1320,1321,1322,1323
1324,1325,1326,1327,1328,1329,1330,1331,1332,1333,1334,1335,1336,1337,1338,1339,1340,1341,1342,1343,1344
1345,1346,1347,1348,1349,1350,1351,1352,1353,1354,1355,1356,1357,1358,1359,1360,1361,1362,1363,1364,1365
1366,1367,1368,1369,1370,1371,1372,1373,1374,1375,1376,1377,1378,1379,1380,1381,1382,1383,1384,1385,1386
1387,1388,1389,1390,1391,1392,1393,1394,1395,1396,1397,1398,1399,1400,1401,1402,1403,1404,1405,1406,1407
1408,1409,1410,1411,1412,1413,1414,1415,1416,1417,1418,1419,1420,1421,1422,1423,1424,1425,1426,1427,1428
1429,1430,1431,1432,1433,1434,1435,1436,1437,1438,1439,1440,1441,1442,1443,1444,1445,1446,1447,1448,1449
1450,1451,1452,1453,1454,1455,1456,1457,1458,1459,1460,1461,1462,1463,1464,1465,1466,1467,1468,1469,1470
1471,1472,1473,1474,1475,1476,1477,1478,1479,1480,1481,1482,1483,1484,1485,1486,1487,1488,1489,1490,1491
1492,1493,1494,1495,1496,1497,1498,1499,1500,1501,1502,1503,1504,1505,1506,1507,1508,1509,1510,1511,1512
1513,1514,1515,1516,1517,1518,1519,1520,1521,1522,1523,1524,1525,1526,1527,1528,1529,1530,1531,1532,1533
1534,1535,1536,1537,1538,1539,1540,1541,1542,1543,1544,1545,1546,1547,1548,1549,1550,1551,1552,1553,1554
1555,1556,1557,1558,1559,1560,1561,1562,1563,1564,1565,1566,1567,1568,1569,1570,1571,1572,1573,1574,1575
1576,1577,1578,1579,1580,1581,1582,1583,1584,1585,1586,1587,1588,1589,1590,1591,1592,1593,1594,1595,1596
1597,1598,1599,1600,1601,1602,1603,1604,1605,1606,1607,1608,1609,1610,1611,1612,1613,1614,1615,1616,1617
1618,1619,1620,1621,1622,1623,1624,1625,1626,1627,1628,1629,1630,1631,1632,1633,1634,1635,1636,1637,1638
1639,1640,1641,1642,1643,1644,1645,1646,1647,1648,1649,1650,1651,1652,1653,1654,1655,1656,1657,1658,1659
1660,1661,1662,1663,1664,1665,1666,1667,1668,1669,1670,1671,1672,1673,1674,1675,1676,1677,1678,1679,1680
1681,1682,1683,1684,1685,1686,1687,1688,1689,1690,1691,1692,1693,1694,1695,1696,1697,1698,1699,1700,1701
1702,1703,1704,1705,1706,1707,1708,1709,1710,1711,1712,1713,1714,1715,1716,1717,1718,1719,1720,1721,1722
1723,1724,1725,1726,1727,1728,1729,1730,1731,1732,1733,1734,1735,1736,1737,1738,1739,1740,1741,1742,1743
1744,1745,1746,1747,1748,1749,1750,1751,1752,1753,1754,1755,1756,1757,1758,1759,1760,1761,1762,1763,1764
1765,1766,1767,1768,1769,1770,1771,1772,1773,1774,1775,1776,1777,1778,1779,1780,1781,1782,1783,1784,1785
1786,1787,1788,1789,1790,1791,1792,1793,1794,1795,1796,1797,1798,1799,1800,1801,1802,1803,1804,1805,1806
1807,1808,1809,1810,1811,1812,1813,1814,1815,1816,1817,1818,1819,1820,1821,1822,1823,1824,1825,1826,1827
1828,1829,1830,1831,1832,1833,1834,1835,1836,1837,1838,1839,1840,1841,1842,1843,1844,1845,1846,1847,1848
1849,1850,1851,1852,1853,1854,1855,1856,1857,1858,1859,1860,1861,1862,1863,1864,1865,1866,1867,1868,1869
1870,1871,1872,1873,1874,1875,1876,1877,1878,1879,1880,1881,1882,1883,1884,1885,1886,1887,1888,1889,1890
1891,1892,1893,1894,1895,1896,1897,1898,1899,1900,1901,1902,1903,1904,1905,1906,1907,1908,1909,1910,1911
1912,1913,1914,1915,1916,1917,1918,1919,1920,1921,1922,1923,1924,1925,1926,1927,1928,1929,1930,1931,1932
1933,1934,1935,1936,1937,1938,1939,1940,1941,1942,1943,1944,1945,1946,1947,1948,1949,1950,1951,1952,1953
1954,1955,1956,1957,1958,1959,1960,1961,1962,1963,1964,1965,1966,1967,1968,1969,1970,1971,1972,1973,1974
1975,1976,1977,1978,1979,1980,1981,1982,1983,1984,1985,1986,1987,1988,1989,1990,1991,1992,1993,1994,1995
1996,1997,1998,1999,2000,2001,2002,2003,2004,2005,2006,2007,2008,2009,2010,2011,2012,2013,2014,2015,2016
2017,2018,2019,2020,2021,2022,2023,2024,2025,2026,2027,2028,2029,2030,2031,2032,2033,2034,2035,2036,2037
2038,2039,2040,2041,2042,2043,2044,2045,2046,2047,2048,2049,2050,2051,2052,2053,2054,2055,2056,2057,2058
2059,2060,2061,2062,2063,2064,2065,2066,2067,2068,2069,2070,2071,2072,2073,2074,2075,2076,2077,2078,2079
2080,2081,2082,2083,2084,2085,2086,2087,2088,2089,2090,2091,2092,2093,2094,2095,2096,2097,2098,2099,2100
MACHINE PREDECESSOR INFO: OPERATION, MACHINE PREDECESSOR 
1,1957
2,767
3,936
4,1356
5,775
6,1628
7,94
8,1492
9,1493
10,2093
11,618
12,1232
13,1963
14,806
15,2095
16,2092
17,1156
18,1501
19,492
20,1502
21
22,713
23,2059
24,1729
25,754
26,1733
27,1781
28,2067
29,1595
30,2073
31,1856
32,1012
33,1815
34,1875
35,1882
36,917
37,404
38,1644
39,2029
40,2028
41,1645
42
43,547
44,594
45,1004
46,1507
47,598
48,553
49,1409
50,601
51,1007
52,556
53,951
54,1173
55,824
56,1411
57,954
58,1304
59,233
60,975
61,1387
62,1420
63
64,342
65,1053
66,1977
67,1267
68,1835
69,345
70,1102
71,659
72,1985
73,1103
74,1104
75,1271
76,1986
77,349
78,1842
79,1105
80,1274
81,1108
82,1109
83,691
84
85,932
86,2080
87,1353
88,769
89,1228
90,2086
91,940
92,1627
93,1360
94,276
95,277
96,616
97,1629
98,804
99,1236
100,1498
101,995
102,808
103,570
104,20
105
106,421
107,1939
108,1597
109,1940
110,449
111,1287
112,1670
113,1789
114,1603
115,1606
116,428
117,1674
118,723
119,297
120,728
121,296
122,1297
123,152
124,1301
125,515
126
127,442
128,1788
129,1286
130,1938
131,424
132,112
133,451
134,505
135,507
136,1794
137,429
138,724
139,456
140,508
141,148
142,118
143,298
144,1555
145,1299
146,1205
147
148,431
149,459
150,1609
151,1192
152,1803
153,739
154,146
155,1559
156,2040
157,746
158,1246
159,1563
160,1771
161,1772
162,1213
163,1578
164,701
165,1517
166,1518
167,312
168
169,1171
170,581
171,822
172,55
173,59
174,586
175,981
176,379
177,381
178,984
179,1312
180,1425
181,862
182,249
183,1096
184,867
185,214
186,1263
187,1097
188,1976
189
190,1026
191,38
192,1691
193,1693
194,2005
195,527
196,467
197,883
198,532
199,419
200,887
201,477
202,1456
203,1755
204,538
205,540
206,1551
207,760
208,368
209,929
210
211,1396
212,1136
213,391
214,1262
215,678
216,1831
217,1264
218,1402
219,339
220,793
221,1144
222,1834
223,396
224,1268
225,682
226,1056
227,1149
228,879
229,347
230,1980
231
232,1414
233,1305
234,587
235,976
236,956
237,1418
238,980
239,780
240,1380
241,1308
242,1381
243,176
244,178
245,1316
246,786
247,1094
248,1095
249,1321
250,673
251,675
252
253,310
254,163
255,1568
256,2047
257,707
258,318
259,1523
260,1524
261,632
262,2060
263,635
264,1585
265,1258
266,634
267,1730
268,1723
269,1852
270,2070
271,1593
272,331
273
274,613
275,89
276,1357
277,776
278,2090
279,96
280,621
281,2097
282,807
283,2098
284,1238
285,622
286,1969
287,1971
288,1970
289,816
290,549
291,1509
292,1408
293,47
294
295,1187
296,1796
297,1797
298,1677
299,1799
300,511
301,1804
302,1765
303,2038
304,155
305,1768
306,1195
307,2041
308,2043
309,518
310,2044
311,1566
312,517
313,702
314,705
315
316,1216
317,314
318,1570
319,1571
320,710
321,2056
322,1526
323,1116
324,23
325,1531
326,1120
327,1074
328,2065
329,22
330,2066
331,1854
332,2072
333,1592
334,1741
335,1812
336
337,870
338,185
339,186
340,657
341,1405
342,795
343,218
344,1100
345,1145
346,224
347,67
348,1058
349,881
350,1151
351,665
352,78
353,76
354,1843
355,1990
356,1992
357
358,478
359,1539
360,1541
361,1341
362,2014
363,1902
364,482
365,1905
366,757
367,894
368,761
369,928
370,851
371,1447
372,763
373,1621
374,1910
375,1956
376,1715
377,3
378
379,565
380,1389
381,1310
382,1379
383,962
384,1311
385,1313
386,1392
387,964
388,1394
389,1317
390,654
391,836
392,864
393,1139
394,1975
395,1832
396,871
397,341
398,219
399
400,1085
401,1133
402,1885
403,1021
404,1090
405,1681
406,1887
407,1476
408,1481
409,2024
410,1091
411,1923
412,2000
413,1689
414,1649
415,1330
416,1695
417,1437
418,1898
419,1337
420
421,1935
422,127
423,1937
424,1668
425,1599
426,1600
427,720
428,452
429,721
430,135
431,1950
432,1951
433,1295
434,295
435,461
436,1614
437,120
438,144
439,121
440,151
441
442
443
444,1282
445
446,1663
447,1934
448,1665
449,129
450,423
451,1943
452,1944
453,1290
454,114
455,722
456,1949
457,1184
458,131
459,430
460,1612
461,509
462
463,1479
464,1477
465,1027
466,2031
467,413
468,1490
469,2033
470,1656
471,1895
472,1746
473,531
474,418
475,1700
476,886
477,2010
478,1899
479,1459
480,888
481,1756
482,1707
483
484,1230
485,278
486,619
487,990
488,988
489,1497
490,1966
491,569
492,281
493,623
494,1157
495,1503
496,1504
497,1505
498,814
499,1163
500,578
501,596
502,580
503,49
504
505,450
506,1289
507,1671
508,1291
509,1186
510,1673
511,142
512,1193
513,437
514,732
515,2039
516,1766
517,1243
518,1770
519,1248
520,1209
521,158
522,1567
523,255
524,2051
525
526,1653
527,1434
528,1892
529,470
530,884
531,1897
532,469
533,1536
534,1537
535,1540
536,1458
537,1544
538,361
539,1757
540,892
541,1463
542,1619
543,848
544,850
545,1762
546
547,1972
548,593
549,1973
550,576
551,1162
552,44
553,579
554,600
555,499
556,1165
557,969
558,821
559,502
560,967
561,971
562,1174
563,56
564,53
565,973
566,827
567
568,1496
569,993
570,996
571,625
572,17
573,591
574,1161
575,592
576,1002
577,498
578,287
579,1164
580,597
581,554
582,603
583,606
584,970
585,607
586,561
587,1416
588
589,1636
590,101
591,19
592,1160
593,999
594,813
595,103
596,1506
597,288
598,1508
599,815
600,496
601,551
602,1167
603,1005
604,292
605,948
606,555
607,557
608,950
609
610,898
611,854
612,1222
613,1717
614,2084
615,1718
616,941
617,1231
618,1233
619,943
620,10
621,1632
622,992
623,282
624,99
625,284
626,2099
627,1158
628,495
629,575
630
631,319
632,1778
633,711
634,1525
635,321
636,259
637,1728
638,265
639,1530
640,1072
641,325
642,1853
643,270
644,1871
645,1080
646,1126
647,1013
648,1810
649,1862
650,1864
651
652,782
653,830
654,179
655,244
656,248
657,866
658,796
659,875
660,1147
661,877
662,226
663,68
664,1837
665,1984
666,1062
667,686
668,1838
669,1273
670,79
671,1991
672
673,837
674,211
675,212
676,392
677,182
678,183
679,790
680,340
681,217
682,876
683,221
684,1981
685,223
686,227
687,228
688,72
689,1106
690,1154
691,669
692,1068
693
694,516
695,1515
696,1562
697,1247
698,307
699,1769
700,159
701,520
702,2045
703,2046
704,1569
705,521
706,751
707,1572
708,1254
709,1775
710,1217
711,258
712,1255
713,260
714
715
716,1179
717,1181
718,108
719,1288
720,1945
721,506
722,113
723,1948
724,1294
725,1791
726,1795
727,117
728,1189
729,435
730,119
731,436
732,299
733,153
734,1207
735
736,149
737,1798
738,137
739,143
740,1556
741,1615
742,1298
743,145
744,731
745,1557
746,1241
747,302
748,514
749,1210
750,161
751,253
752,704
753,1522
754,1725
755,1529
756
757,846
758,1709
759,1708
760,927
761,1710
762,895
763,1347
764,1219
765,1221
766,370
767,374
768,935
769,934
770,1225
771,937
772,1
773,1959
774,612
775,801
776,1961
777
778,977
779,1370
780,1038
781,1419
782,1375
783,829
784,1423
785,1046
786,1426
787,1048
788,1049
789,1398
790,181
791,1137
792,1322
793,868
794,677
795,1401
796,1098
797,216
798
799,768
800,901
801,614
802,2085
803,2083
804,6
805,1494
806,486
807,97
808,991
809,1237
810,487
811,15
812,1968
813,571
814,1499
815,18
816,1001
817,286
818,629
819
820,293
821,503
822,1031
823,1172
824,972
825,1030
826,608
827,54
828,173
829,1378
830,242
831,1044
832,652
833,1384
834,1093
835,1047
836,1395
837,388
838,1830
839,246
840
841,1455
842,1538
843,1457
844,359
845,1753
846,1462
847,537
848,363
849,1546
850,365
851,1906
852,1763
853,209
854,1468
855,1713
856,1622
857,376
858,1626
859,1229
860,275
861
862,1829
863,986
864,1261
865,788
866,247
867,213
868,250
869,393
870,789
871,1140
872,215
873,1141
874,1406
875,338
876,397
877,1146
878,1055
879,1979
880,1978
881,684
882
883,1435
884,1745
885,1896
886,1699
887,1453
888,2011
889,1751
890,1439
891,534
892,2013
893,845
894,1549
895,1346
896,206
897,543
898,1909
899,1954
900,1955
901,611
902,375
903
904,1075
905,269
906,1739
907,1811
908,30
909,1872
910,1855
911,1874
912,2017
913,1130
914,1084
915,1916
916,400
917,1883
918,405
919,1643
920,1687
921,408
922,407
923,410
924
925,1345
926,364
927,1760
928,1466
929,1552
930,849
931,896
932,762
933,1220
934,897
935,855
936,1714
937,1352
938,1624
939,902
940,1227
941,859
942,274
943,1361
944,9
945
946,595
947,818
948,290
949,289
950,48
951,169
952,602
953,558
954,1034
955,1412
956,1366
957,60
958,1306
959,978
960,1307
961,1376
962,1377
963,828
964,1043
965,1315
966
967,1170
968,604
969,949
970,50
971,952
972,559
973,1413
974,826
975,1036
976,58
977,232
978,1367
979,1371
980,953
981,1372
982,1369
983,961
984,781
985,1309
986,831
987
988,1630
989,484
990,1495
991,944
992,1631
993,1633
994,1634
995,1235
996,1635
997,1967
998,811
999,493
1000,572
1001,494
1002,627
1003,573
1004,628
1005,43
1006,1166
1007,947
1008
1009,330
1010,29
1011,1742
1012,643
1013,909
1014,1081
1015,1127
1016,648
1017,1859
1018,1877
1019,1821
1020,34
1021,1087
1022,401
1023,2022
1024,1886
1025,1686
1026,1480
1027,406
1028,922
1029
1030,1168
1031,1169
1032,51
1033,605
1034,583
1035,823
1036,1175
1037,585
1038,979
1039,236
1040,174
1041,960
1042,1421
1043,982
1044,241
1045,177
1046,382
1047,965
1048,1385
1049,1314
1050
1051,1403
1052,679
1053,680
1054,1266
1055,222
1056,1143
1057,1148
1058,1983
1059,880
1060,70
1061,71
1062,229
1063,664
1064,1272
1065,687
1066,75
1067,689
1068,1276
1069,352
1070,671
1071
1072,1726
1073,1850
1074,267
1075,637
1076,1734
1077,324
1078,1737
1079,1857
1080,907
1081,1813
1082,2077
1083,910
1084,1912
1085,1820
1086,2019
1087,1641
1088,1015
1089,1868
1090,1867
1091,1018
1092
1093,175
1094,1424
1095,1319
1096,1397
1097,1400
1098,184
1099,794
1100,1142
1101,873
1102,681
1103,661
1104,348
1105,1150
1106,1987
1107,1989
1108,1063
1109,1275
1110,1844
1111,353
1112,77
1113
1114,752
1115,706
1116,2053
1117,1584
1118,2055
1119,1259
1120,636
1121,1257
1122,1589
1123,1588
1124,333
1125,332
1126,1814
1127,1870
1128,1873
1129,33
1130,1876
1131,1819
1132,650
1133,1865
1134
1135,390
1136,389
1137,863
1138,245
1139,1399
1140,656
1141,394
1142,1404
1143,1833
1144,1051
1145,1265
1146,343
1147,220
1148,1269
1149,66
1150,346
1151,1982
1152,666
1153,1840
1154,1107
1155
1156,809
1157,100
1158,490
1159,102
1160,489
1161,626
1162,104
1163,285
1164,497
1165,1003
1166,817
1167,45
1168,46
1169,1511
1170,1510
1171,599
1172,582
1173,968
1174,1410
1175,170
1176
1177,1662
1178,1283
1179,1666
1180,446
1181,107
1182,448
1183,111
1184,132
1185,453
1186,1292
1187,1610
1188,1675
1189,1200
1190,433
1191,1296
1192,1679
1193,730
1194,1616
1195,1801
1196,300
1197
1198,726
1199,1676
1200,139
1201,140
1202,727
1203,1800
1204,141
1205,740
1206,512
1207,1513
1208,123
1209,1242
1210,303
1211,125
1212,1576
1213,694
1214,306
1215,1244
1216,1249
1217,1521
1218
1219,544
1220,545
1221,1348
1222,1712
1223,1469
1224,900
1225,2081
1226,1623
1227,1351
1228,771
1229,1625
1230,800
1231,93
1232,802
1233,1362
1234,92
1235,5
1236,485
1237,2094
1238,488
1239
1240,440
1241,1206
1242,1558
1243,745
1244,304
1245,305
1246,124
1247,1211
1248,1577
1249,699
1250,162
1251,309
1252,750
1253,1580
1254,522
1255,1581
1256,523
1257,631
1258,2054
1259,1724
1260
1261,787
1262,835
1263,791
1264,869
1265,872
1266,797
1267,874
1268,1052
1269,658
1270,1101
1271,685
1272,667
1273,350
1274,1065
1275,351
1276,1988
1277,1153
1278,81
1279,668
1280,1846
1281
1282,1661
1283
1284
1285
1286,1177
1287,447
1288,1941
1289,109
1290,1942
1291,1792
1292,1604
1293,1672
1294,1947
1295,133
1296,460
1297,737
1298,1204
1299,1678
1300,1203
1301,438
1302
1303,584
1304,1033
1305,1415
1306,1035
1307,566
1308,61
1309,1042
1310,1390
1311,1040
1312,983
1313,239
1314,383
1315,1382
1316,783
1317,834
1318,833
1319,784
1320,785
1321,838
1322,1427
1323
1324,1684
1325,1889
1326,2027
1327,409
1328,1028
1329,1429
1330,1690
1331,1431
1332,1926
1333,1928
1334,1654
1335,192
1336,1929
1337,529
1338,2008
1339,473
1340,474
1341,1440
1342,844
1343,1441
1344
1345,1547
1346,1444
1347,1445
1348,1908
1349,367
1350,369
1351,1711
1352,1620
1353,1224
1354,2
1355,1226
1356,799
1357,770
1358,856
1359,2082
1360,858
1361,2088
1362,2089
1363,774
1364,942
1365
1366,1303
1367,171
1368,562
1369,563
1370,974
1371,955
1372,1417
1373,564
1374,958
1375,235
1376,1388
1377,237
1378,62
1379,238
1380,1041
1381,957
1382,380
1383,384
1384,243
1385,1393
1386
1387,1368
1388,234
1389,778
1390,779
1391,959
1392,240
1393,963
1394,985
1395,1422
1396,180
1397,385
1398,1318
1399,655
1400,1320
1401,251
1402,839
1403,865
1404,395
1405,188
1406,1099
1407
1408,577
1409,1006
1410,291
1411,501
1412,820
1413,1032
1414,52
1415,560
1416,825
1417,57
1418,172
1419,1374
1420,1037
1421,1373
1422,1039
1423,1391
1424,1045
1425,832
1426,1828
1427,653
1428
1429,2002
1430,1327
1431,1925
1432,1650
1433,2004
1434,1332
1435,1333
1436,1657
1437,2006
1438,1334
1439,1534
1440,1703
1441,1704
1442,1460
1443,360
1444,202
1445,203
1446,926
1447,1761
1448,1467
1449
1450,2036
1451,1930
1452,471
1453,417
1454,1438
1455,195
1456,533
1457,1339
1458,1750
1459,2012
1460,201
1461,890
1462,1543
1463,1545
1464,1903
1465,1443
1466,893
1467,758
1468,208
1469,852
1470
1471,1020
1472,1086
1473,1884
1474,2023
1475,1022
1476,2025
1477,1919
1478,36
1479,1023
1480,1682
1481,1324
1482,1998
1483,40
1484,2030
1485,923
1486,412
1487,1329
1488,1430
1489,465
1490,1927
1491
1492,803
1493,2091
1494,617
1495,1234
1496,11
1497,1721
1498,2096
1499,994
1500,624
1501,491
1502,1637
1503,812
1504,998
1505,997
1506,1000
1507,548
1508,550
1509,946
1510,500
1511,552
1512
1513,122
1514,742
1515,747
1516,1208
1517,1212
1518,697
1519,1215
1520,1252
1521,1253
1522,2048
1523,313
1524,1582
1525,1251
1526,1574
1527,1117
1528,261
1529,1118
1530,264
1531,1779
1532,1119
1533
1534,196
1535,1658
1536,472
1537,1452
1538,1749
1539,200
1540,1340
1541,1705
1542,199
1543,889
1544,358
1545,1752
1546,1442
1547,539
1548,1464
1549,1904
1550,204
1551,1618
1552,1343
1553,1446
1554
1555,1198
1556,1191
1557,1202
1558,439
1559,1194
1560,1240
1561,733
1562,156
1563,1245
1564,2042
1565,157
1566,1516
1567,749
1568,1773
1569,165
1570,308
1571,2049
1572,2050
1573,166
1574,256
1575
1576,1196
1577,1767
1578,695
1579,700
1580,160
1581,311
1582,2052
1583,1573
1584,524
1585,1777
1586,1528
1587,2064
1588,640
1589,327
1590,26
1591,27
1592,904
1593,1807
1594,1809
1595,1738
1596
1597,1936
1598,1284
1599,128
1600,444
1601,1180
1602,717
1603,716
1604,130
1605,1787
1606,719
1607,1946
1608,134
1609,427
1610,455
1611,116
1612,725
1613,1952
1614,1199
1615,1190
1616,1802
1617
1618,1759
1619,1548
1620,1465
1621,899
1622,610
1623,766
1624,1349
1625,1716
1626,939
1627,1354
1628,1359
1629,2087
1630,1720
1631,8
1632,12
1633,1964
1634,620
1635,14
1636,568
1637,283
1638
1639,1817
1640,1017
1641,1131
1642,1880
1643,1920
1644,1888
1645,1921
1646,1999
1647,1325
1648,39
1649,190
1650,1483
1651,1328
1652,1489
1653,2032
1654,1694
1655,1487
1656,1894
1657,1696
1658,193
1659
1660
1661
1662
1663
1664
1665
1666,1786
1667,445
1668,1285
1669,715
1670,1598
1671,1602
1672,1605
1673,115
1674,1185
1675,1608
1676,136
1677,1611
1678,434
1679,1201
1680
1681,1471
1682,2021
1683,1089
1684,1642
1685,403
1686,2026
1687,1922
1688,37
1689,1924
1690,2001
1691,41
1692,1647
1693,1488
1694,464
1695,1432
1696,411
1697,2035
1698,1433
1699,1451
1700,530
1701
1702,1450
1703,885
1704,476
1705,1900
1706,841
1707,536
1708,1342
1709,1754
1710,925
1711,1907
1712,931
1713,371
1714,765
1715,85
1716,1958
1717,86
1718,1355
1719,88
1720,90
1721,7
1722
1723,320
1724,2061
1725,2057
1726,322
1727,2063
1728,2062
1729,262
1730,753
1731,1849
1732,639
1733,1851
1734,1587
1735,326
1736,2069
1737,1783
1738,641
1739,1784
1740,1121
1741,28
1742,1594
1743
1744,526
1745,194
1746,2034
1747,1931
1748,1535
1749,1454
1750,2009
1751,198
1752,197
1753,535
1754,1542
1755,891
1756,1706
1757,1901
1758,2015
1759,362
1760,847
1761,542
1762,759
1763,1550
1764
1765,513
1766,743
1767,154
1768,734
1769,1561
1770,696
1771,1564
1772,1214
1773,698
1774,164
1775,1519
1776,317
1777,708
1778,703
1779,1115
1780,24
1781,1532
1782,25
1783,328
1784,329
1785
1786
1787
1788
1789,1933
1790,1178
1791,106
1792,718
1793,426
1794,1183
1795,1607
1796,138
1797,1613
1798,1188
1799,432
1800,736
1801,510
1802,738
1803,729
1804,741
1805,150
1806
1807,1736
1808,1076
1809,1077
1810,905
1811,2068
1812,642
1813,1591
1814,2075
1815,1079
1816,2078
1817,1861
1818,1082
1819,1863
1820,32
1821,911
1822,1128
1823,1083
1824,1640
1825,914
1826,1881
1827
1828,1383
1829,386
1830,387
1831,1135
1832,792
1833,676
1834,187
1835,398
1836,683
1837,225
1838,1059
1839,69
1840,230
1841,1060
1842,1270
1843,688
1844,1064
1845,1066
1846,74
1847,690
1848
1849,323
1850,1586
1851,266
1852,1727
1853,1780
1854,1782
1855,2071
1856,1808
1857,1009
1858,1123
1859,1078
1860,1010
1861,1124
1862,908
1863,644
1864,1011
1865,2018
1866,912
1867,1915
1868,1019
1869
1870,335
1871,2074
1872,271
1873,334
1874,2076
1875,1816
1876,31
1877,646
1878,645
1879,1818
1880,1914
1881,649
1882,1639
1883,1824
1884,2020
1885,1866
1886,1917
1887,1996
1888,1472
1889,1474
1890
1891,1648
1892,1692
1893,2003
1894,1484
1895,415
1896,1697
1897,416
1898,1698
1899,1702
1900,475
1901,1338
1902,479
1903,480
1904,481
1905,1758
1906,541
1907,366
1908,205
1909,1553
1910,853
1911
1912,1125
1913,1016
1914,1129
1915,647
1916,1879
1917,1823
1918,1822
1919,402
1920,1473
1921,1475
1922,1997
1923,463
1924,1326
1925,1646
1926,1486
1927,1891
1928,466
1929,414
1930,2007
1931,528
1932
1933
1934
1935,1660
1936,443
1937
1938,1664
1939
1940,1667
1941,422
1942,425
1943,1669
1944,1790
1945,110
1946,1182
1947,1601
1948,1793
1949,1293
1950,454
1951,457
1952,458
1953
1954,930
1955,207
1956,1448
1957,1350
1958,372
1959,1223
1960,377
1961,1358
1962,91
1963,1363
1964,1364
1965,989
1966,98
1967,280
1968,16
1969,589
1970,1159
1971,590
1972,1500
1973,574
1974
1975,674
1976,1138
1977,337
1978,64
1979,344
1980,65
1981,1054
1982,878
1983,660
1984,1836
1985,1057
1986,662
1987,663
1988,73
1989,1061
1990,1841
1991,1839
1992,1845
1993,1152
1994,670
1995
1996,1825
1997,1088
1998,1685
1999,918
2000,1025
2001,919
2002,1688
2003,921
2004,191
2005,1651
2006,468
2007,1744
2008,1436
2009,1335
2010,1747
2011,1336
2012,1748
2013,842
2014,843
2015,1461
2016
2017,1014
2018,1878
2019,1913
2020,1132
2021,913
2022,1826
2023,916
2024,915
2025,1918
2026,35
2027,1478
2028,1024
2029,1683
2030,920
2031,1482
2032,1485
2033,1331
2034,1893
2035,1652
2036,1655
2037
2038,1805
2039,301
2040,744
2041,1514
2042,748
2043,1300
2044,1560
2045,519
2046,1565
2047,1250
2048,1774
2049,254
2050,1520
2051,316
2052,167
2053,1579
2054,1114
2055,1776
2056,709
2057,712
2058
2059,1256
2060,1583
2061,633
2062,257
2063,1527
2064,263
2065,638
2066,1732
2067,1073
2068,268
2069,755
2070,1731
2071,1735
2072,1590
2073,1122
2074,906
2075,272
2076,1740
2077,1860
2078,1858
2079
2080,764
2081,373
2082,933
2083,87
2084,938
2085,857
2086,772
2087,1960
2088,773
2089,1719
2090,4
2091,615
2092,860
2093,1962
2094,95
2095,279
2096,13
2097,805
2098,1965
2099,810
2100