Makespan: 1701
Start: 0
End: 241
OPERATIONS SEQUENCE: 
1,2,3,4,5,6,7,8,9,10,11,12,13,14,15,16
17,18,19,20,21,22,23,24,25,26,27,28,29,30,31,32
33,34,35,36,37,38,39,40,41,42,43,44,45,46,47,48
49,50,51,52,53,54,55,56,57,58,59,60,61,62,63,64
65,66,67,68,69,70,71,72,73,74,75,76,77,78,79,80
81,82,83,84,85,86,87,88,89,90,91,92,93,94,95,96
97,98,99,100,101,102,103,104,105,106,107,108,109,110,111,112
113,114,115,116,117,118,119,120,121,122,123,124,125,126,127,128
129,130,131,132,133,134,135,136,137,138,139,140,141,142,143,144
145,146,147,148,149,150,151,152,153,154,155,156,157,158,159,160
161,162,163,164,165,166,167,168,169,170,171,172,173,174,175,176
177,178,179,180,181,182,183,184,185,186,187,188,189,190,191,192
193,194,195,196,197,198,199,200,201,202,203,204,205,206,207,208
209,210,211,212,213,214,215,216,217,218,219,220,221,222,223,224
225,226,227,228,229,230,231,232,233,234,235,236,237,238,239,240
MACHINE PREDECESSOR INFO: OPERATION, MACHINE PREDECESSOR 
1
2,209
3
4,228
5,52
6,233
7,215
8,57
9,145
10,178
11,62
12,29
13,163
14,197
15,73
16
17,210
18,98
19,213
20,4
21,216
22,5
23,56
24,106
25,105
26,8
27,147
28,131
29,182
30,133
31,153
32
33
34
35,1
36,211
37,217
38,221
39,55
40,222
41,83
42,146
43,117
44,130
45,27
46,132
47,161
48
49
50
51
52,214
53,81
54,103
55,220
56,219
57,37
58,21
59,107
60,114
61,109
62,129
63,237
64
65,40
66,84
67,118
68,149
69,121
70,194
71,195
72,238
73,30
74,187
75,199
76,201
77,203
78,125
79,172
80
81,212
82,102
83,54
84,38
85,9
86,119
87,11
88,162
89,12
90,185
91,138
92,141
93,188
94,204
95,143
96
97,33
98
99,49
100,225
101,3
102,51
103,226
104,20
105,230
106,234
107,231
108,39
109,6
110,179
111,116
112
113,227
114,232
115,7
116,177
117,59
118,41
119,26
120,180
121,46
122,183
123,137
124,71
125,156
126,157
127,171
128
129,25
130,110
131,181
132,148
133,42
134,45
135,43
136,67
137,68
138,164
139,70
140,154
141,72
142,189
143,76
144
145,23
146,223
147,60
148,61
149,10
150,120
151,47
152,88
153,165
154,89
155,193
156,198
157,13
158,14
159,92
160
161,63
162,44
163,28
164,150
165,135
166,184
167,196
168,90
169,140
170,139
171,190
172,142
173,200
174,191
175,205
176
177,58
178,24
179,236
180,65
181,66
182,108
183,85
184,87
185,134
186,151
187,31
188,167
189,155
190,15
191,158
192
193,86
194,239
195,152
196,69
197,136
198,166
199,168
200,123
201,186
202,91
203,169
204,74
205,159
206,127
207,126
208
209
210
211
212,34
213
214
215,18
216,35
217,100
218,101
219,97
220,113
221,229
222,104
223,235
224
225
226,17
227
228,50
229,99
230,36
231,2
232,218
233,19
234,53
235,82
236,22
237,115
238,111
239,122
240