Makespan: 1679
Start: 0
End: 241
OPERATIONS SEQUENCE: 
1,2,3,4,5,6,7,8,9,10,11,12,13,14,15,16
17,18,19,20,21,22,23,24,25,26,27,28,29,30,31,32
33,34,35,36,37,38,39,40,41,42,43,44,45,46,47,48
49,50,51,52,53,54,55,56,57,58,59,60,61,62,63,64
65,66,67,68,69,70,71,72,73,74,75,76,77,78,79,80
81,82,83,84,85,86,87,88,89,90,91,92,93,94,95,96
97,98,99,100,101,102,103,104,105,106,107,108,109,110,111,112
113,114,115,116,117,118,119,120,121,122,123,124,125,126,127,128
129,130,131,132,133,134,135,136,137,138,139,140,141,142,143,144
145,146,147,148,149,150,151,152,153,154,155,156,157,158,159,160
161,162,163,164,165,166,167,168,169,170,171,172,173,174,175,176
177,178,179,180,181,182,183,184,185,186,187,188,189,190,191,192
193,194,195,196,197,198,199,200,201,202,203,204,205,206,207,208
209,210,211,212,213,214,215,216,217,218,219,220,221,222,223,224
225,226,227,228,229,230,231,232,233,234,235,236,237,238,239,240
MACHINE PREDECESSOR INFO: OPERATION, MACHINE PREDECESSOR 
1
2,129
3,161
4,100
5,54
6,137
7,59
8,75
9,60
10,39
11,62
12,19
13,20
14,229
15,215
16
17,180
18,94
19,120
20,228
21,194
22,123
23,213
24,145
25,185
26,14
27,15
28,217
29,188
30,236
31,207
32
33,116
34,89
35,169
36,171
37,139
38,141
39,226
40,78
41,8
42,121
43,227
44,197
45,233
46,110
47,125
48
49,97
50,82
51
52,84
53
54,86
55,165
56,85
57,68
58,135
59,172
60,74
61,105
62,177
63,182
64
65,83
66,1
67,164
68,2
69,132
70,115
71,98
72,101
73,102
74,138
75,104
76,37
77,38
78,142
79,93
80
81
82
83
84
85,163
86,166
87,66
88,67
89,113
90,55
91,70
92,4
93,35
94,173
95,7
96
97
98
99,131
100,53
101,52
102,90
103,57
104,136
105,178
106,225
107,10
108,230
109,21
110,148
111,150
112
113,162
114,49
115,167
116,168
117,56
118,3
119,6
120,58
121,181
122,106
123,40
124,184
125,24
126,44
127,152
128
129
130
131,65
132,50
133,114
134,87
135,88
136,117
137,72
138,34
139,5
140,91
141,118
142,174
143,95
144
145,193
146,122
147,11
148,12
149,108
150,211
151,186
152,109
153,202
154,234
155,45
156,201
157,218
158,220
159,189
160
161,81
162
163
164
165,130
166
167,51
168,99
169,133
170,134
171,69
172,71
173,103
174,92
175,119
176
177,33
178,170
179,36
180,140
181,73
182,77
183,76
184,143
185,212
186,199
187,214
188,216
189,235
190,156
191,205
192
193,209
194,183
195,41
196,146
197,210
198,147
199,43
200,107
201,231
202,187
203,111
204,26
205,237
206,29
207,155
208
209,61
210,18
211,63
212,195
213,198
214,13
215,196
216,149
217,151
218,200
219,127
220,204
221,190
222,191
223,31
224
225,179
226,17
227,175
228,79
229,42
230,9
231,22
232,23
233,124
234,25
235,126
236,203
237,46
238,47
239,219
240