Makespan: 11697
Start: 0
End: 2101
OPERATIONS SEQUENCE: 
1,2,3,4,5,6,7,8,9,10,11,12,13,14,15,16,17,18,19,20,21
22,23,24,25,26,27,28,29,30,31,32,33,34,35,36,37,38,39,40,41,42
43,44,45,46,47,48,49,50,51,52,53,54,55,56,57,58,59,60,61,62,63
64,65,66,67,68,69,70,71,72,73,74,75,76,77,78,79,80,81,82,83,84
85,86,87,88,89,90,91,92,93,94,95,96,97,98,99,100,101,102,103,104,105
106,107,108,109,110,111,112,113,114,115,116,117,118,119,120,121,122,123,124,125,126
127,128,129,130,131,132,133,134,135,136,137,138,139,140,141,142,143,144,145,146,147
148,149,150,151,152,153,154,155,156,157,158,159,160,161,162,163,164,165,166,167,168
169,170,171,172,173,174,175,176,177,178,179,180,181,182,183,184,185,186,187,188,189
190,191,192,193,194,195,196,197,198,199,200,201,202,203,204,205,206,207,208,209,210
211,212,213,214,215,216,217,218,219,220,221,222,223,224,225,226,227,228,229,230,231
232,233,234,235,236,237,238,239,240,241,242,243,244,245,246,247,248,249,250,251,252
253,254,255,256,257,258,259,260,261,262,263,264,265,266,267,268,269,270,271,272,273
274,275,276,277,278,279,280,281,282,283,284,285,286,287,288,289,290,291,292,293,294
295,296,297,298,299,300,301,302,303,304,305,306,307,308,309,310,311,312,313,314,315
316,317,318,319,320,321,322,323,324,325,326,327,328,329,330,331,332,333,334,335,336
337,338,339,340,341,342,343,344,345,346,347,348,349,350,351,352,353,354,355,356,357
358,359,360,361,362,363,364,365,366,367,368,369,370,371,372,373,374,375,376,377,378
379,380,381,382,383,384,385,386,387,388,389,390,391,392,393,394,395,396,397,398,399
400,401,402,403,404,405,406,407,408,409,410,411,412,413,414,415,416,417,418,419,420
421,422,423,424,425,426,427,428,429,430,431,432,433,434,435,436,437,438,439,440,441
442,443,444,445,446,447,448,449,450,451,452,453,454,455,456,457,458,459,460,461,462
463,464,465,466,467,468,469,470,471,472,473,474,475,476,477,478,479,480,481,482,483
484,485,486,487,488,489,490,491,492,493,494,495,496,497,498,499,500,501,502,503,504
505,506,507,508,509,510,511,512,513,514,515,516,517,518,519,520,521,522,523,524,525
526,527,528,529,530,531,532,533,534,535,536,537,538,539,540,541,542,543,544,545,546
547,548,549,550,551,552,553,554,555,556,557,558,559,560,561,562,563,564,565,566,567
568,569,570,571,572,573,574,575,576,577,578,579,580,581,582,583,584,585,586,587,588
589,590,591,592,593,594,595,596,597,598,599,600,601,602,603,604,605,606,607,608,609
610,611,612,613,614,615,616,617,618,619,620,621,622,623,624,625,626,627,628,629,630
631,632,633,634,635,636,637,638,639,640,641,642,643,644,645,646,647,648,649,650,651
652,653,654,655,656,657,658,659,660,661,662,663,664,665,666,667,668,669,670,671,672
673,674,675,676,677,678,679,680,681,682,683,684,685,686,687,688,689,690,691,692,693
694,695,696,697,698,699,700,701,702,703,704,705,706,707,708,709,710,711,712,713,714
715,716,717,718,719,720,721,722,723,724,725,726,727,728,729,730,731,732,733,734,735
736,737,738,739,740,741,742,743,744,745,746,747,748,749,750,751,752,753,754,755,756
757,758,759,760,761,762,763,764,765,766,767,768,769,770,771,772,773,774,775,776,777
778,779,780,781,782,783,784,785,786,787,788,789,790,791,792,793,794,795,796,797,798
799,800,801,802,803,804,805,806,807,808,809,810,811,812,813,814,815,816,817,818,819
820,821,822,823,824,825,826,827,828,829,830,831,832,833,834,835,836,837,838,839,840
841,842,843,844,845,846,847,848,849,850,851,852,853,854,855,856,857,858,859,860,861
862,863,864,865,866,867,868,869,870,871,872,873,874,875,876,877,878,879,880,881,882
883,884,885,886,887,888,889,890,891,892,893,894,895,896,897,898,899,900,901,902,903
904,905,906,907,908,909,910,911,912,913,914,915,916,917,918,919,920,921,922,923,924
925,926,927,928,929,930,931,932,933,934,935,936,937,938,939,940,941,942,943,944,945
946,947,948,949,950,951,952,953,954,955,956,957,958,959,960,961,962,963,964,965,966
967,968,969,970,971,972,973,974,975,976,977,978,979,980,981,982,983,984,985,986,987
988,989,990,991,992,993,994,995,996,997,998,999,1000,1001,1002,1003,1004,1005,1006,1007,1008
1009,1010,1011,1012,1013,1014,1015,1016,1017,1018,1019,1020,1021,1022,1023,1024,1025,1026,1027,1028,1029
1030,1031,1032,1033,1034,1035,1036,1037,1038,1039,1040,1041,1042,1043,1044,1045,1046,1047,1048,1049,1050
1051,1052,1053,1054,1055,1056,1057,1058,1059,1060,1061,1062,1063,1064,1065,1066,1067,1068,1069,1070,1071
1072,1073,1074,1075,1076,1077,1078,1079,1080,1081,1082,1083,1084,1085,1086,1087,1088,1089,1090,1091,1092
1093,1094,1095,1096,1097,1098,1099,1100,1101,1102,1103,1104,1105,1106,1107,1108,1109,1110,1111,1112,1113
1114,1115,1116,1117,1118,1119,1120,1121,1122,1123,1124,1125,1126,1127,1128,1129,1130,1131,1132,1133,1134
1135,1136,1137,1138,1139,1140,1141,1142,1143,1144,1145,1146,1147,1148,1149,1150,1151,1152,1153,1154,1155
1156,1157,1158,1159,1160,1161,1162,1163,1164,1165,1166,1167,1168,1169,1170,1171,1172,1173,1174,1175,1176
1177,1178,1179,1180,1181,1182,1183,1184,1185,1186,1187,1188,1189,1190,1191,1192,1193,1194,1195,1196,1197
1198,1199,1200,1201,1202,1203,1204,1205,1206,1207,1208,1209,1210,1211,1212,1213,1214,1215,1216,1217,1218
1219,1220,1221,1222,1223,1224,1225,1226,1227,1228,1229,1230,1231,1232,1233,1234,1235,1236,1237,1238,1239
1240,1241,1242,1243,1244,1245,1246,1247,1248,1249,1250,1251,1252,1253,1254,1255,1256,1257,1258,1259,1260
1261,1262,1263,1264,1265,1266,1267,1268,1269,1270,1271,1272,1273,1274,1275,1276,1277,1278,1279,1280,1281
1282,1283,1284,1285,1286,1287,1288,1289,1290,1291,1292,1293,1294,1295,1296,1297,1298,1299,1300,1301,1302
1303,1304,1305,1306,1307,1308,1309,1310,1311,1312,1313,1314,1315,1316,1317,1318,1319,1320,1321,1322,1323
1324,1325,1326,1327,1328,1329,1330,1331,1332,1333,1334,1335,1336,1337,1338,1339,1340,1341,1342,1343,1344
1345,1346,1347,1348,1349,1350,1351,1352,1353,1354,1355,1356,1357,1358,1359,1360,1361,1362,1363,1364,1365
1366,1367,1368,1369,1370,1371,1372,1373,1374,1375,1376,1377,1378,1379,1380,1381,1382,1383,1384,1385,1386
1387,1388,1389,1390,1391,1392,1393,1394,1395,1396,1397,1398,1399,1400,1401,1402,1403,1404,1405,1406,1407
1408,1409,1410,1411,1412,1413,1414,1415,1416,1417,1418,1419,1420,1421,1422,1423,1424,1425,1426,1427,1428
1429,1430,1431,1432,1433,1434,1435,1436,1437,1438,1439,1440,1441,1442,1443,1444,1445,1446,1447,1448,1449
1450,1451,1452,1453,1454,1455,1456,1457,1458,1459,1460,1461,1462,1463,1464,1465,1466,1467,1468,1469,1470
1471,1472,1473,1474,1475,1476,1477,1478,1479,1480,1481,1482,1483,1484,1485,1486,1487,1488,1489,1490,1491
1492,1493,1494,1495,1496,1497,1498,1499,1500,1501,1502,1503,1504,1505,1506,1507,1508,1509,1510,1511,1512
1513,1514,1515,1516,1517,1518,1519,1520,1521,1522,1523,1524,1525,1526,1527,1528,1529,1530,1531,1532,1533
1534,1535,1536,1537,1538,1539,1540,1541,1542,1543,1544,1545,1546,1547,1548,1549,1550,1551,1552,1553,1554
1555,1556,1557,1558,1559,1560,1561,1562,1563,1564,1565,1566,1567,1568,1569,1570,1571,1572,1573,1574,1575
1576,1577,1578,1579,1580,1581,1582,1583,1584,1585,1586,1587,1588,1589,1590,1591,1592,1593,1594,1595,1596
1597,1598,1599,1600,1601,1602,1603,1604,1605,1606,1607,1608,1609,1610,1611,1612,1613,1614,1615,1616,1617
1618,1619,1620,1621,1622,1623,1624,1625,1626,1627,1628,1629,1630,1631,1632,1633,1634,1635,1636,1637,1638
1639,1640,1641,1642,1643,1644,1645,1646,1647,1648,1649,1650,1651,1652,1653,1654,1655,1656,1657,1658,1659
1660,1661,1662,1663,1664,1665,1666,1667,1668,1669,1670,1671,1672,1673,1674,1675,1676,1677,1678,1679,1680
1681,1682,1683,1684,1685,1686,1687,1688,1689,1690,1691,1692,1693,1694,1695,1696,1697,1698,1699,1700,1701
1702,1703,1704,1705,1706,1707,1708,1709,1710,1711,1712,1713,1714,1715,1716,1717,1718,1719,1720,1721,1722
1723,1724,1725,1726,1727,1728,1729,1730,1731,1732,1733,1734,1735,1736,1737,1738,1739,1740,1741,1742,1743
1744,1745,1746,1747,1748,1749,1750,1751,1752,1753,1754,1755,1756,1757,1758,1759,1760,1761,1762,1763,1764
1765,1766,1767,1768,1769,1770,1771,1772,1773,1774,1775,1776,1777,1778,1779,1780,1781,1782,1783,1784,1785
1786,1787,1788,1789,1790,1791,1792,1793,1794,1795,1796,1797,1798,1799,1800,1801,1802,1803,1804,1805,1806
1807,1808,1809,1810,1811,1812,1813,1814,1815,1816,1817,1818,1819,1820,1821,1822,1823,1824,1825,1826,1827
1828,1829,1830,1831,1832,1833,1834,1835,1836,1837,1838,1839,1840,1841,1842,1843,1844,1845,1846,1847,1848
1849,1850,1851,1852,1853,1854,1855,1856,1857,1858,1859,1860,1861,1862,1863,1864,1865,1866,1867,1868,1869
1870,1871,1872,1873,1874,1875,1876,1877,1878,1879,1880,1881,1882,1883,1884,1885,1886,1887,1888,1889,1890
1891,1892,1893,1894,1895,1896,1897,1898,1899,1900,1901,1902,1903,1904,1905,1906,1907,1908,1909,1910,1911
1912,1913,1914,1915,1916,1917,1918,1919,1920,1921,1922,1923,1924,1925,1926,1927,1928,1929,1930,1931,1932
1933,1934,1935,1936,1937,1938,1939,1940,1941,1942,1943,1944,1945,1946,1947,1948,1949,1950,1951,1952,1953
1954,1955,1956,1957,1958,1959,1960,1961,1962,1963,1964,1965,1966,1967,1968,1969,1970,1971,1972,1973,1974
1975,1976,1977,1978,1979,1980,1981,1982,1983,1984,1985,1986,1987,1988,1989,1990,1991,1992,1993,1994,1995
1996,1997,1998,1999,2000,2001,2002,2003,2004,2005,2006,2007,2008,2009,2010,2011,2012,2013,2014,2015,2016
2017,2018,2019,2020,2021,2022,2023,2024,2025,2026,2027,2028,2029,2030,2031,2032,2033,2034,2035,2036,2037
2038,2039,2040,2041,2042,2043,2044,2045,2046,2047,2048,2049,2050,2051,2052,2053,2054,2055,2056,2057,2058
2059,2060,2061,2062,2063,2064,2065,2066,2067,2068,2069,2070,2071,2072,2073,2074,2075,2076,2077,2078,2079
2080,2081,2082,2083,2084,2085,2086,2087,2088,2089,2090,2091,2092,2093,2094,2095,2096,2097,2098,2099,2100
MACHINE PREDECESSOR INFO: OPERATION, MACHINE PREDECESSOR 
1,1333
2,561
3,710
4,1136
5,1448
6,1595
7,711
8,73
9,759
10,463
11,1918
12,1143
13,1340
14,1920
15,1790
16,1922
17,468
18,469
19,1934
20,1266
21
22,1873
23,954
24,1876
25,1730
26,573
27,1494
28,1160
29,957
30,960
31,1164
32,1705
33,1025
34,1709
35,1502
36,1503
37,109
38,1169
39,1675
40,1387
41,1511
42
43,255
44,1634
45,258
46,1723
47,1013
48,1872
49,1014
50,1986
51,955
52,1879
53,1990
54,1882
55,576
56,1669
57,1883
58,1168
59,33
60,1505
61,1507
62,34
63
64,1868
65,1440
66,1411
67,1256
68,706
69,244
70,1259
71,1416
72,1334
73,923
74,207
75,7
76,1914
77,1421
78,12
79,1792
80,1923
81,472
82,718
83,1148
84
85,780
86,595
87,1207
88,1000
89,1685
90,671
91,784
92,1209
93,1321
94,1690
95,2005
96,342
97,347
98,1007
99,603
100,648
101,348
102,607
103,1215
104,650
105
106,577
107,32
108,1500
109,1766
110,580
111,58
112,36
113,1771
114,60
115,1714
116,802
117,683
118,2090
119,1398
120,2021
121,507
122,1651
123,619
124,2026
125,1401
126
127,767
128,1926
129,474
130,473
131,81
132,1798
133,1808
134,83
135,1179
136,479
137,1183
138,726
139,282
140,1188
141,1354
142,1952
143,287
144,454
145,1745
146,456
147
148,887
149,851
150,750
151,1628
152,856
153,1763
154,1056
155,1629
156,1228
157,1573
158,946
159,897
160,1061
161,221
162,1064
163,1066
164,225
165,43
166,227
167,45
168
169,1404
170,296
171,824
172,421
173,932
174,828
175,301
176,425
177,1116
178,1093
179,311
180,1119
181,1032
182,652
183,431
184,1121
185,1125
186,1101
187,1039
188,1305
189
190,1598
191,1576
192
193,1851
194,1605
195,1243
196,1429
197,236
198,1611
199,1324
200,1251
201,876
202,702
203,1587
204,242
205,1590
206,1332
207,709
208,1446
209,712
210
211,2042
212,852
213,149
214,747
215,854
216,150
217,2047
218,1571
219,1227
220,1630
221,1975
222,894
223,2054
224,392
225,1065
226,256
227,1660
228,1234
229,1235
230,1725
231
232,1240
233
234,192
235,1244
236,1607
237,694
238,913
239,549
240,551
241,1248
242,1408
243,66
244,203
245,920
246,1257
247,206
248,1337
249,3
250,708
251,209
252
253,898
254,160
255,223
256,1633
257,1232
258,2056
259,2057
260,900
261,951
262,1981
263,1636
264,44
265,1637
266,1238
267,1015
268,24
269,50
270,1989
271,1733
272,1019
273
274,773
275,444
276,721
277,1151
278,445
279,446
280,725
281,1812
282,1154
283,728
284,1949
285,317
286,1189
287,1280
288,452
289,484
290,1840
291,1960
292,146
293,486
294
295,623
296,511
297,2028
298,512
299,1656
300,1657
301,625
302,516
303,627
304,519
305,830
306,424
307,691
308,628
309,521
310,1095
311,1118
312,1371
313,1096
314,1038
315
316,137
317,450
318,138
319,730
320,1190
321,1839
322,1959
323,458
324,457
325,1072
326,1363
327,1747
328,1844
329,1961
330,405
331,736
332,408
333,1478
334,1082
335,1517
336
337,1002
338,980
339,1004
340,786
341,1322
342,636
343,91
344,1692
345,601
346,1688
347,1006
348,2073
349,986
350,98
351,600
352,2010
353,2013
354,2076
355,100
356,793
357
358,166
359,229
360,571
361,1662
362,266
363,1881
364,574
365,1162
366,1497
367,1884
368,1885
369,1741
370,1504
371,38
372,587
373,1718
374,40
375,812
376,2089
377,1397
378
379,413
380,1620
381,1521
382,416
383,889
384,751
385,1054
386,853
387,1570
388,2049
389,219
390,2050
391,216
392,1976
393,1978
394,948
395,161
396,950
397,1012
398,952
399
400,290
401,538
402,539
403,1458
404,1457
405,1076
406,326
407,1078
408,1464
409,545
410,1465
411,1466
412,1556
413,1618
414,1754
415,742
416,741
417,1219
418,2039
419,2040
420
421,1405
422,300
423,171
424,1369
425,518
426,832
427,629
428,833
429,1894
430,180
431,988
432,1035
433,1899
434,1126
435,1308
436,1377
437,1548
438,1103
439,1903
440,1311
441
442,80
443,1937
444,128
445,1149
446,1811
447,1182
448,1813
449,1805
450,534
451,1350
452,1351
453,1956
454,286
455,1837
456,1958
457,1471
458,1360
459,145
460,291
461,489
462
463,1140
464,1916
465,11
466,1425
467,760
468,715
469,1924
470,1144
471,1142
472,1265
473,15
474,1796
475,770
476,1935
477,769
478,127
479,1939
480,1800
481,1178
482,1828
483
484,1358
485,536
486,321
487,1841
488,1473
489,401
490,1073
491,327
492,1460
493,1845
494,1462
495,1461
496,1750
497,1080
498,1972
499,844
500,1751
501,333
502,883
503,415
504
505,1646
506,815
507,684
508,925
509,1649
510,817
511,816
512,687
513,1402
514,929
515,688
516,2031
517,2032
518,2025
519,829
520,423
521,174
522,936
523,934
524,692
525
526,774
527,1180
528,1809
529,1942
530,1150
531,1931
532,279
533,136
534,1348
535,1186
536,141
537,1192
538,1957
539,1456
540,487
541,1818
542,1075
543,1749
544,1967
545,1476
546
547,868
548,1292
549,873
550,1297
551,1325
552,701
553,699
554,1247
555,241
556,698
557,1412
558,1589
559,1615
560,1330
561,1593
562,243
563,922
564,247
565,1787
566,1915
567
568,259
569,1871
570,265
571,1237
572,1017
573,956
574,270
575,362
576,1880
577,1496
578,1498
579,1707
580,1027
581,1028
582,1671
583,59
584,1508
585,612
586,673
587,1509
588
589,433
590,1901
591,188
592,994
593,1200
594,1109
595,1551
596,667
597,1687
598,1317
599,2002
600,637
601,1691
602,635
603,344
604,643
605,2007
606,647
607,1214
608,2078
609
610,1770
611,112
612,61
613,1676
614,808
615,679
616,1390
617,2086
618,116
619,377
620,119
621,926
622,685
623,821
624,124
625,689
626,2034
627,2098
628,1406
629,2099
630
631,668
632,669
633,2066
634,783
635,1320
636,1003
637,2068
638,1689
639,340
640,787
641,982
642,983
643,94
644,788
645,2071
646,346
647,1211
648,790
649,791
650,1693
651
652,1098
653,989
654,1372
655,1543
656,1100
657,1540
658,186
659,1898
660,185
661,1307
662,1105
663,1108
664,1202
665,1379
666,1111
667,781
668,2061
669,2060
670,88
671,633
672
673,368
674,1674
675,62
676,1773
677,2080
678,39
679,1389
680,1777
681,811
682,2019
683,1780
684,1721
685,1647
686,1399
687,1400
688,1654
689,826
690,2033
691,1366
692,831
693
694,548
695,1864
696,1432
697,1295
698,914
699,1583
700,1290
701,1584
702,915
703,877
704,1439
705,1252
706,1614
707,558
708,1442
709,1414
710,1135
711,1594
712,1912
713,563
714
715,764
716,466
717,1342
718,766
719,771
720,443
721,1799
722,481
723,275
724,1273
725,1152
726,529
727,1184
728,533
729,1815
730,284
731,1951
732,142
733,1838
734,1817
735
736,1846
737,1970
738,330
739,1083
740,1969
741,1514
742,1557
743,1559
744,1220
745,1090
746,1560
747,1562
748,1760
749,148
750,1626
751,1053
752,886
753,855
754,1057
755,1569
756
757,246
758,70
759,71
760,5
761,1417
762,208
763,1786
764,1917
765,465
766,1263
767,1264
768,1426
769,1933
770,1794
771,19
772,20
773,476
774,1269
775,130
776,720
777
778,1996
779,438
780,663
781,1112
782,1681
783,86
784,632
785,977
786,597
787,1210
788,599
789,2008
790,2003
791,2074
792,96
793,1695
794,352
795,642
796,353
797,1698
798
799,108
800,1672
801,582
802,369
803,1772
804,1639
805,1774
806,1174
807,1717
808,1175
809,115
810,1719
811,613
812,41
813,2083
814,678
815,2087
816,682
817,1396
818,118
819
820,1783
821,508
822,818
823,2092
824,622
825,1650
826,2094
827,1403
828,2029
829,690
830,2097
831,303
832,1892
833,935
834,2036
835,2035
836,1115
837,307
838,1895
839,1094
840
841,461
842,1077
843,1824
844,409
845,1973
846,1482
847,500
848,335
849,1483
850,1485
851,1625
852,1761
853,1051
854,1526
855,2045
856,1566
857,1565
858,1226
859,2048
860,154
861
862
863
864,1849
865,1602
866,1283
867,1285
868,1287
869,904
870,1857
871,1859
872,910
873,1860
874,907
875,237
876,1436
877,1585
878,1301
879,202
880,918
881,1329
882
883,843
884,1085
885,380
886,1757
887,1624
888,1221
889,744
890,1222
891,850
892,1524
893,385
894,753
895,1058
896,1572
897,220
898,755
899,2053
900,224
901,1067
902,393
903
904,190
905
906,1599
907,1855
908,1856
909,1242
910,193
911,234
912,1609
913,1296
914,1610
915,1433
916,1300
917,1586
918,1613
919,1616
920,1591
921,1592
922,1443
923,1335
924
925,1648
926,506
927,1393
928,2023
929,1652
930,120
931,2024
932,515
933,624
934,1891
935,626
936,1370
937,835
938,1893
939,1539
940,1037
941,1124
942,313
943,432
944,657
945
946,388
947,1009
948,157
949,2055
950,1063
951,1233
952,1982
953,1069
954,1156
955,569
956,1874
957,1984
958,1663
959,267
960,1492
961,25
962,27
963,1666
964,1738
965,366
966
967,943
968,1376
969,1375
970,440
971,779
972,1908
973,1314
974,1682
975,1047
976,782
977,2063
978,2065
979,1001
980,2067
981,596
982,598
983,2070
984,339
985,95
986,2072
987
988,1120
989,1097
990,1897
991,940
992,1043
993,968
994,1549
995,435
996,1997
997,1909
998,1382
999,1553
1000,1384
1001,2064
1002,1686
1003,2001
1004,90
1005,634
1006,638
1007,2006
1008
1009,218
1010,156
1011,899
1012,254
1013,261
1014,262
1015,1726
1016,1728
1017,1157
1018,1988
1019,1878
1020,1493
1021,52
1022,1161
1023,29
1024,1668
1025,1499
1026,31
1027,1706
1028,1165
1029
1030,302
1031,304
1032,306
1033,427
1034,309
1035,175
1036,1896
1037,1117
1038,653
1039,654
1040,182
1041,1545
1042,942
1043,1127
1044,1904
1045,993
1046,594
1047,1383
1048,1315
1049,87
1050
1051,1489
1052,748
1053,1527
1054,2043
1055,383
1056,214
1057,1529
1058,858
1059,859
1060,152
1061,217
1062,389
1063,1532
1064,222
1065,1977
1066,253
1067,257
1068,1980
1069,226
1070,902
1071
1072,1196
1073,459
1074,323
1075,1474
1076,1459
1077,1965
1078,1966
1079,1847
1080,1463
1081,460
1082,841
1083,1823
1084,737
1085,498
1086,412
1087,1484
1088,848
1089,1518
1090,1520
1091,743
1092
1093,834
1094,522
1095,523
1096,176
1097,836
1098,938
1099,1036
1100,430
1101,1123
1102,1900
1103,1041
1104,1130
1105,434
1106,659
1107,589
1108,1044
1109,1907
1110,664
1111,591
1112,1998
1113
1114,422
1115,173
1116,1030
1117,426
1118,1033
1119,1031
1120,837
1121,838
1122,429
1123,1538
1124,1541
1125,1099
1126,990
1127,1542
1128,187
1129,1374
1130,944
1131,1902
1132,967
1133,1306
1134
1135,921
1136,68
1137,562
1138,72
1139,1338
1140,761
1141,8
1142,566
1143,1423
1144,1424
1145,13
1146,467
1147,717
1148,475
1149,131
1150,1938
1151,1810
1152,1941
1153,1928
1154,1929
1155
1156,1724
1157,1236
1158,49
1159,1729
1160,51
1161,1992
1162,1993
1163,1737
1164,54
1165,1495
1166,1735
1167,1024
1168,1704
1169,1769
1170,57
1171,1711
1172,801
1173,1677
1174,1641
1175,1388
1176
1177,442
1178,132
1179,274
1180,1807
1181,133
1182,1829
1183,1831
1184,1946
1185,1833
1186,1278
1187,1835
1188,449
1189,1948
1190,1349
1191,1450
1192,1836
1193,453
1194,732
1195,1816
1196,455
1197
1198,991
1199,992
1200,1133
1201,969
1202,1380
1203,1312
1204,1552
1205,1046
1206,995
1207,666
1208,1385
1209,973
1210,1319
1211,338
1212,2004
1213,602
1214,646
1215,351
1216,2012
1217,2075
1218
1219,1622
1220,1522
1221,1469
1222,1561
1223,381
1224,211
1225,891
1226,1564
1227,1568
1228,893
1229,857
1230,896
1231,159
1232,391
1233,1979
1234,394
1235,1068
1236,46
1237,1983
1238,1727
1239
1240,1601
1241,1603
1242,1854
1243,1604
1244,1286
1245,1289
1246,866
1247,1431
1248,1434
1249,1437
1250,875
1251,240
1252,916
1253,1327
1254,703
1255,201
1256,1409
1257,65
1258,881
1259,204
1260
1261,75
1262,1341
1263,464
1264,78
1265,14
1266,79
1267,716
1268,765
1269,129
1270,1795
1271,1177
1272,776
1273,1940
1274,135
1275,480
1276,1944
1277,1803
1278,1945
1279,1346
1280,451
1281
1282
1283
1284
1285,1597
1286,1850
1287,905
1288,1853
1289,1580
1290,909
1291,233
1292,1606
1293,1582
1294,871
1295,1861
1296,195
1297,872
1298,1865
1299,196
1300,197
1301,1249
1302
1303,183
1304,1544
1305,1373
1306,1102
1307,941
1308,1128
1309,1131
1310,436
1311,778
1312,437
1313,1107
1314,1381
1315,997
1316,1910
1317,1204
1318,976
1319,2000
1320,670
1321,631
1322,2069
1323
1324,695
1325,1435
1326,238
1327,1612
1328,555
1329,1588
1330,705
1331,554
1332,880
1333,64
1334,1415
1335,1413
1336,69
1337,67
1338,245
1339,1137
1340,1913
1341,1422
1342,9
1343,1791
1344
1345,1274
1346,277
1347,278
1348,1277
1349,1814
1350,1185
1351,727
1352,1153
1353,447
1354,1187
1355,318
1356,1950
1357,1955
1358,140
1359,1453
1360,1195
1361,144
1362,1193
1363,1455
1364,324
1365
1366,514
1367,170
1368,1535
1369,933
1370,172
1371,520
1372,310
1373,1122
1374,1040
1375,658
1376,590
1377,660
1378,1905
1379,1309
1380,592
1381,439
1382,970
1383,2059
1384,971
1385,1313
1386
1387,803
1388,1716
1389,1640
1390,2081
1391,810
1392,805
1393,373
1394,2018
1395,681
1396,1645
1397,2088
1398,2017
1399,618
1400,1784
1401,621
1402,2093
1403,928
1404,2030
1405,297
1406,931
1407
1408,553
1409,552
1410,1253
1411,1254
1412,1255
1413,704
1414,919
1415,879
1416,1444
1417,1445
1418,1336
1419,1447
1420,249
1421,713
1422,251
1423,564
1424,1788
1425,1789
1426,1921
1427,1343
1428
1429,1858
1430,908
1431,194
1432,1245
1433,1863
1434,1294
1435,874
1436,697
1437,1866
1438,700
1439,239
1440,199
1441,1867
1442,1410
1443,1258
1444,205
1445,560
1446,1
1447,707
1448,248
1449
1450,1352
1451,139
1452,729
1453,535
1454,285
1455,1194
1456,289
1457,322
1458,1362
1459,1472
1460,1074
1461,1748
1462,541
1463,329
1464,1968
1465,544
1466,543
1467,499
1468,1515
1469,503
1470
1471,733
1472,485
1473,1842
1474,292
1475,540
1476,1963
1477,406
1478,1079
1479,1971
1480,1081
1481,1825
1482,410
1483,1516
1484,845
1485,414
1486,1756
1487,379
1488,1089
1489,1091
1490,418
1491
1492,572
1493,958
1494,1664
1495,1734
1496,1736
1497,53
1498,1163
1499,365
1500,55
1501,1708
1502,964
1503,579
1504,1670
1505,1710
1506,111
1507,1887
1508,1171
1509,800
1510,1173
1511,677
1512
1513,496
1514,842
1515,1084
1516,1753
1517,1481
1518,1619
1519,1558
1520,1755
1521,1086
1522,847
1523,885
1524,1623
1525,417
1526,2041
1527,890
1528,749
1529,213
1530,1225
1531,151
1532,155
1533
1534,122
1535,827
1536,1658
1537,2096
1538,428
1539,177
1540,1034
1541,312
1542,839
1543,181
1544,178
1545,184
1546,1303
1547,314
1548,1129
1549,1132
1550,1198
1551,1310
1552,1378
1553,665
1554
1555,493
1556,1479
1557,1480
1558,1467
1559,1513
1560,846
1561,1486
1562,1488
1563,849
1564,745
1565,1052
1566,1627
1567,1762
1568,1528
1569,215
1570,1530
1571,1055
1572,153
1573,1059
1574,390
1575
1576,1282
1577
1578,1284
1579
1580,1852
1581
1582,232
1583,1430
1584,1298
1585,1299
1586,1250
1587,1438
1588,198
1589,1326
1590,556
1591,557
1592,1331
1593,1441
1594,559
1595,757
1596
1597
1598
1599
1600
1601
1602
1603,191
1604,864
1605,1288
1606
1607,870
1608,547
1609,1246
1610,235
1611,1862
1612,550
1613,696
1614,200
1615,878
1616,1328
1617
1618,1826
1619,411
1620,501
1621,1519
1622,502
1623,1752
1624,2038
1625,1758
1626,419
1627,1490
1628,1224
1629,2046
1630,386
1631,384
1632,947
1633,1230
1634,395
1635,1010
1636,162
1637,164
1638
1639,584
1640,1715
1641,585
1642,114
1643,1172
1644,676
1645,1510
1646,1392
1647,1394
1648,1782
1649,375
1650,2091
1651,820
1652,620
1653,686
1654,2022
1655,927
1656,513
1657,125
1658,930
1659
1660,949
1661,396
1662,1987
1663,570
1664,1732
1665,1877
1666,1159
1667,959
1668,363
1669,1765
1670,1739
1671,1767
1672,1026
1673,1886
1674,35
1675,1506
1676,113
1677,1713
1678,610
1679,675
1680
1681,996
1682,1203
1683,1205
1684,85
1685,1316
1686,1049
1687,999
1688,2062
1689,785
1690,978
1691,92
1692,640
1693,341
1694,343
1695,605
1696,789
1697,349
1698,2077
1699,354
1700,101
1701
1702,1020
1703,962
1704,575
1705,1667
1706,963
1707,1166
1708,56
1709,1768
1710,1167
1711,1673
1712,367
1713,37
1714,581
1715,1889
1716,674
1717,370
1718,1678
1719,371
1720,372
1721,1643
1722
1723,260
1724,901
1725,1635
1726,1070
1727,1870
1728,48
1729,264
1730,1985
1731,953
1732,1158
1733,1661
1734,269
1735,361
1736,1665
1737,272
1738,1021
1739,1994
1740,1023
1741,1501
1742,1170
1743
1744,319
1745,320
1746,1359
1747,1843
1748,1819
1749,293
1750,404
1751,407
1752,738
1753,739
1754,740
1755,332
1756,334
1757,1621
1758,884
1759,1487
1760,1523
1761,888
1762,1525
1763,2044
1764
1765,1022
1766,364
1767,965
1768,578
1769,106
1770,799
1771,1712
1772,1742
1773,611
1774,586
1775,1888
1776,1642
1777,804
1778,809
1779,2082
1780,807
1781,615
1782,814
1783,2020
1784,376
1785
1786,250
1787,1138
1788,762
1789,6
1790,76
1791,1261
1792,1919
1793,10
1794,1262
1795,1145
1796,16
1797,17
1798,768
1799,1268
1800,1147
1801,82
1802,478
1803,1181
1804,1345
1805,724
1806
1807,477
1808,719
1809,1801
1810,775
1811,482
1812,1272
1813,1276
1814,1830
1815,1832
1816,1834
1817,537
1818,1744
1819,400
1820,1475
1821,403
1822,491
1823,328
1824,331
1825,1555
1826,497
1827
1828,1270
1829,134
1830,1943
1831,528
1832,1804
1833,530
1834,280
1835,1954
1836,1947
1837,731
1838,1451
1839,1357
1840,1355
1841,288
1842,1454
1843,1361
1844,1962
1845,1964
1846,542
1847,1821
1848
1849
1850,862
1851,1577
1852
1853,863
1854,865
1855,1578
1856,867
1857,1579
1858,906
1859,1581
1860,1241
1861,1600
1862,1291
1863,1293
1864,1608
1865,869
1866,911
1867,912
1868,917
1869
1870,398
1871,397
1872,228
1873,358
1874,263
1875,167
1876,230
1877,47
1878,359
1879,360
1880,1018
1881,961
1882,1991
1883,1702
1884,30
1885,1703
1886,1740
1887,107
1888,110
1889,583
1890
1891,1534
1892,1367
1893,305
1894,524
1895,308
1896,937
1897,1537
1898,179
1899,939
1900,655
1901,1304
1902,1042
1903,1547
1904,1546
1905,656
1906,1104
1907,661
1908,1199
1909,1201
1910,1110
1911
1912,2
1913,758
1914,1419
1915,1418
1916,1420
1917,74
1918,1339
1919,1139
1920,763
1921,4
1922,77
1923,1793
1924,565
1925,1141
1926,470
1927,1146
1928,1936
1929,527
1930,1802
1931,1275
1932
1933,1427
1934,471
1935,1925
1936,1267
1937,18
1938,1797
1939,772
1940,1927
1941,526
1942,1271
1943,276
1944,722
1945,723
1946,1930
1947,1347
1948,531
1949,1353
1950,316
1951,1279
1952,532
1953
1954,281
1955,448
1956,283
1957,1452
1958,1191
1959,734
1960,1356
1961,143
1962,402
1963,325
1964,1746
1965,488
1966,1364
1967,490
1968,1820
1969,492
1970,1822
1971,494
1972,1477
1973,495
1974
1975,2051
1976,1060
1977,2052
1978,1531
1979,1574
1980,158
1981,1062
1982,1011
1983,163
1984,165
1985,568
1986,22
1987,1875
1988,23
1989,1016
1990,268
1991,1731
1992,26
1993,271
1994,28
1995
1996,1906
1997,1106
1998,1550
1999,593
2000,975
2001,974
2002,1048
2003,979
2004,1005
2005,639
2006,641
2007,93
2008,984
2009,345
2010,604
2011,1213
2012,1694
2013,645
2014,606
2015,795
2016
2017,1779
2018,2085
2019,616
2020,2084
2021,374
2022,617
2023,121
2024,509
2025,822
2026,823
2027,510
2028,813
2029,123
2030,295
2031,825
2032,1653
2033,2095
2034,299
2035,298
2036,1114
2037
2038,1087
2039,1468
2040,1088
2041,1759
2042,746
2043,1563
2044,382
2045,1223
2046,212
2047,1567
2048,892
2049,752
2050,754
2051,895
2052,387
2053,860
2054,1631
2055,1229
2056,1632
2057,1231
2058
2059,662
2060,1045
2061,972
2062,998
2063,1999
2064,1683
2065,1206
2066,1208
2067,1684
2068,1318
2069,981
2070,337
2071,89
2072,1212
2073,644
2074,2009
2075,985
2076,2011
2077,350
2078,792
2079
2080,1775
2081,1776
2082,1720
2083,1644
2084,614
2085,1778
2086,1391
2087,1679
2088,680
2089,806
2090,1781
2091,1395
2092,505
2093,117
2094,2027
2095,1655
2096,169
2097,517
2098,1536
2099,1368
2100