Makespan: 3514
Start: 0
End: 631
OPERATIONS SEQUENCE: 
1,2,3,4,5,6,7,8,9,10,11,12,13,14,15,16,17,18,19,20,21
22,23,24,25,26,27,28,29,30,31,32,33,34,35,36,37,38,39,40,41,42
43,44,45,46,47,48,49,50,51,52,53,54,55,56,57,58,59,60,61,62,63
64,65,66,67,68,69,70,71,72,73,74,75,76,77,78,79,80,81,82,83,84
85,86,87,88,89,90,91,92,93,94,95,96,97,98,99,100,101,102,103,104,105
106,107,108,109,110,111,112,113,114,115,116,117,118,119,120,121,122,123,124,125,126
127,128,129,130,131,132,133,134,135,136,137,138,139,140,141,142,143,144,145,146,147
148,149,150,151,152,153,154,155,156,157,158,159,160,161,162,163,164,165,166,167,168
169,170,171,172,173,174,175,176,177,178,179,180,181,182,183,184,185,186,187,188,189
190,191,192,193,194,195,196,197,198,199,200,201,202,203,204,205,206,207,208,209,210
211,212,213,214,215,216,217,218,219,220,221,222,223,224,225,226,227,228,229,230,231
232,233,234,235,236,237,238,239,240,241,242,243,244,245,246,247,248,249,250,251,252
253,254,255,256,257,258,259,260,261,262,263,264,265,266,267,268,269,270,271,272,273
274,275,276,277,278,279,280,281,282,283,284,285,286,287,288,289,290,291,292,293,294
295,296,297,298,299,300,301,302,303,304,305,306,307,308,309,310,311,312,313,314,315
316,317,318,319,320,321,322,323,324,325,326,327,328,329,330,331,332,333,334,335,336
337,338,339,340,341,342,343,344,345,346,347,348,349,350,351,352,353,354,355,356,357
358,359,360,361,362,363,364,365,366,367,368,369,370,371,372,373,374,375,376,377,378
379,380,381,382,383,384,385,386,387,388,389,390,391,392,393,394,395,396,397,398,399
400,401,402,403,404,405,406,407,408,409,410,411,412,413,414,415,416,417,418,419,420
421,422,423,424,425,426,427,428,429,430,431,432,433,434,435,436,437,438,439,440,441
442,443,444,445,446,447,448,449,450,451,452,453,454,455,456,457,458,459,460,461,462
463,464,465,466,467,468,469,470,471,472,473,474,475,476,477,478,479,480,481,482,483
484,485,486,487,488,489,490,491,492,493,494,495,496,497,498,499,500,501,502,503,504
505,506,507,508,509,510,511,512,513,514,515,516,517,518,519,520,521,522,523,524,525
526,527,528,529,530,531,532,533,534,535,536,537,538,539,540,541,542,543,544,545,546
547,548,549,550,551,552,553,554,555,556,557,558,559,560,561,562,563,564,565,566,567
568,569,570,571,572,573,574,575,576,577,578,579,580,581,582,583,584,585,586,587,588
589,590,591,592,593,594,595,596,597,598,599,600,601,602,603,604,605,606,607,608,609
610,611,612,613,614,615,616,617,618,619,620,621,622,623,624,625,626,627,628,629,630
MACHINE PREDECESSOR INFO: OPERATION, MACHINE PREDECESSOR 
1
2
3,86
4,85
5,211
6
7,442
8,359
9,445
10,92
11,93
12,94
13,100
14,339
15,286
16,463
17,207
18,78
19,458
20,403
21
22,345
23,290
24,347
25,165
26,457
27,529
28,520
29,407
30,46
31,106
32,475
33,436
34,45
35,319
36,538
37,144
38,612
39,111
40,113
41,232
42
43,530
44,429
45,472
46,531
47,355
48,434
49,317
50,32
51,28
52,439
53,142
54,550
55,490
56,413
57,40
58,554
59,234
60,115
61,493
62,543
63
64
65
66
67,150
68,192
69,274
70,276
71,10
72,153
73,218
74,281
75,160
76,342
77,220
78,163
79,401
80,526
81,17
82,26
83,43
84
85
86
87,506
88,358
89,275
90,7
91,443
92,509
93,511
94,277
95,198
96,337
97,200
98,197
99,217
100,199
101,365
102,449
103,450
104,285
105
106,356
107,473
108,610
109,318
110,524
111,549
112,440
113,170
114,298
115,253
116,414
117,380
118,254
119,418
120,593
121,500
122,185
123,243
124,601
125,626
126
127,507
128,88
129,68
130,67
131,364
132,158
133,202
134,367
135,282
136,452
137,425
138,402
139,377
140,350
141,33
142,438
143,169
144,52
145,613
146,112
147
148
149
150,360
151,2
152,361
153,90
154,510
155,128
156,91
157,70
158,193
159,12
160,448
161,341
162,368
163,423
164,103
165,16
166,375
167,376
168
169,537
170,548
171,489
172,614
173,540
174,55
175,300
176,381
177,589
178,591
179,60
180,570
181,569
182,560
183,388
184,329
185,264
186,266
187,241
188,268
189
190
191,64
192,149
193,4
194,362
195,151
196,130
197,154
198,9
199,69
200,6
201,157
202,96
203,131
204,221
205,222
206,14
207,287
208,227
209,426
210
211
212,505
213,152
214,195
215,196
216,156
217,447
218,8
219,279
220,512
221,155
222,338
223,74
224,75
225,13
226,101
227,135
228,422
229,400
230,22
231
232,54
233,172
234,415
235,379
236,116
237,568
238,303
239,178
240,594
241,499
242,622
243,624
244,331
245,501
246,393
247,566
248,125
249,395
250,397
251,335
252
253,552
254,322
255,553
256,417
257,556
258,175
259,119
260,496
261,239
262,576
263,389
264,620
265,306
266,330
267,577
268,120
269,580
270,503
271,603
272,583
273
274,148
275
276,3
277,508
278,214
279,71
280,97
281,95
282,366
283,98
284,132
285,203
286,204
287,161
288,515
289,206
290,136
291,346
292,349
293,24
294
295,50
296,34
297,409
298,492
299,412
300,56
301,325
302,544
303,257
304,326
305,180
306,597
307,498
308,267
309,187
310,581
311,625
312,604
313,269
314,271
315
316,528
317,471
318,29
319,107
320,477
321,296
322,53
323,299
324,57
325,416
326,41
327,618
328,595
329,386
330,575
331,390
332,121
333,308
334,270
335,310
336
337,213
338,11
339,216
340,159
341,99
342,283
343,134
344,223
345,370
346,454
347,164
348,455
349,466
350,209
351,79
352,468
353,138
354,25
355,517
356,460
357
358
359,190
360,87
361,1
362,89
363,127
364,212
365,129
366,72
367,201
368,219
369,224
370,451
371,76
372,340
373,453
374,424
375,344
376,23
377,518
378
379,551
380,174
381,59
382,61
383,236
384,590
385,545
386,238
387,259
388,497
389,562
390,596
391,621
392,265
393,623
394,122
395,188
396,579
397,607
398,247
399
400,372
401,374
402,373
403,291
404,167
405,293
406,459
407,431
408,44
409,485
410,295
411,143
412,37
413,38
414,615
415,541
416,542
417,233
418,555
419,62
420
421,215
422,343
423,104
424,102
425,464
426,456
427,348
428,230
429,139
430,19
431,521
432,81
433,82
434,354
435,316
436,47
437,486
438,484
439,487
440,49
441
442
443,65
444,5
445
446,194
447,363
448,280
449,513
450,514
451,284
452,205
453,225
454,421
455,15
456,162
457,465
458,292
459,519
460,18
461,27
462
463,77
464,371
465,288
466,516
467,229
468,208
469,428
470,166
471,405
472,20
473,351
474,532
475,535
476,435
477,31
478,536
479,140
480,141
481,51
482,36
483
484,461
485,534
486,474
487,533
488,478
489,30
490,547
491,480
492,411
493,539
494,235
495,592
496,384
497,572
498,328
499,599
500,598
501,391
502,578
503,565
504
505
506
507
508,191
509
510,444
511,66
512,446
513,278
514,73
515,133
516,226
517,369
518,289
519,228
520,80
521,352
522,353
523,470
524,83
525
526,427
527,137
528,404
529,467
530,469
531,430
532,522
533,523
534,433
535,432
536,406
537,48
538,108
539,109
540,321
541,39
542,616
543,320
544,255
545,58
546
547,476
548,611
549,479
550,488
551,410
552,297
553,146
554,145
555,617
556,482
557,173
558,301
559,419
560,118
561,256
562,571
563,261
564,262
565,600
566,332
567
568,324
569,302
570,383
571,177
572,559
573,179
574,258
575,494
576,327
577,619
578,184
579,307
580,240
581,602
582,123
583,309
584,312
585,249
586,311
587,606
588
589,323
590,557
591,382
592,176
593,558
594,117
595,561
596,573
597,237
598,574
599,385
600,305
601,186
602,387
603,242
604,246
605,502
606,394
607,564
608,245
609
610,408
611,437
612,527
613,35
614,110
615,481
616,491
617,171
618,114
619,495
620,304
621,181
622,183
623,182
624,260
625,563
626,263
627,244
628,124
629,313
630