Makespan: 3002
Start: 0
End: 481
OPERATIONS SEQUENCE: 
1,2,3,4,5,6,7,8,9,10,11,12,13,14,15,16
17,18,19,20,21,22,23,24,25,26,27,28,29,30,31,32
33,34,35,36,37,38,39,40,41,42,43,44,45,46,47,48
49,50,51,52,53,54,55,56,57,58,59,60,61,62,63,64
65,66,67,68,69,70,71,72,73,74,75,76,77,78,79,80
81,82,83,84,85,86,87,88,89,90,91,92,93,94,95,96
97,98,99,100,101,102,103,104,105,106,107,108,109,110,111,112
113,114,115,116,117,118,119,120,121,122,123,124,125,126,127,128
129,130,131,132,133,134,135,136,137,138,139,140,141,142,143,144
145,146,147,148,149,150,151,152,153,154,155,156,157,158,159,160
161,162,163,164,165,166,167,168,169,170,171,172,173,174,175,176
177,178,179,180,181,182,183,184,185,186,187,188,189,190,191,192
193,194,195,196,197,198,199,200,201,202,203,204,205,206,207,208
209,210,211,212,213,214,215,216,217,218,219,220,221,222,223,224
225,226,227,228,229,230,231,232,233,234,235,236,237,238,239,240
241,242,243,244,245,246,247,248,249,250,251,252,253,254,255,256
257,258,259,260,261,262,263,264,265,266,267,268,269,270,271,272
273,274,275,276,277,278,279,280,281,282,283,284,285,286,287,288
289,290,291,292,293,294,295,296,297,298,299,300,301,302,303,304
305,306,307,308,309,310,311,312,313,314,315,316,317,318,319,320
321,322,323,324,325,326,327,328,329,330,331,332,333,334,335,336
337,338,339,340,341,342,343,344,345,346,347,348,349,350,351,352
353,354,355,356,357,358,359,360,361,362,363,364,365,366,367,368
369,370,371,372,373,374,375,376,377,378,379,380,381,382,383,384
385,386,387,388,389,390,391,392,393,394,395,396,397,398,399,400
401,402,403,404,405,406,407,408,409,410,411,412,413,414,415,416
417,418,419,420,421,422,423,424,425,426,427,428,429,430,431,432
433,434,435,436,437,438,439,440,441,442,443,444,445,446,447,448
449,450,451,452,453,454,455,456,457,458,459,460,461,462,463,464
465,466,467,468,469,470,471,472,473,474,475,476,477,478,479,480
MACHINE PREDECESSOR INFO: OPERATION, MACHINE PREDECESSOR 
1
2
3,81
4
5,86
6,227
7,467
8,244
9,246
10,90
11,233
12,238
13,475
14,387
15,257
16
17,149
18,164
19,280
20,72
21,155
22,170
23,305
24,175
25,39
26,450
27,76
28,55
29,338
30,404
31,457
32
33,69
34,207
35,51
36,21
37,370
38,23
39,373
40,372
41,325
42,344
43,333
44,410
45,459
46,411
47,316
48
49,206
50,166
51,282
52,71
53,172
54,37
55,374
56,452
57,26
58,326
59,41
60,31
61,381
62,44
63,334
64
65,221
66,278
67,269
68,147
69,204
70,150
71,281
72,165
73,153
74,285
75,173
76,156
77,36
78,337
79,177
80
81
82
83
84,241
85
86,243
87
88
89,4
90,417
91,132
92,131
93,134
94,249
95,214
96
97,391
98,255
99,301
100,217
101,262
102,424
103,264
104,274
105,199
106,201
107,430
108,17
109,431
110,19
111,33
112
113,27
114,453
115,403
116,339
117,310
118,324
119,378
120,184
121,30
122,312
123,311
124,60
125,346
126,189
127,190
128
129,3
130,289
131,209
132,231
133,8
134,292
135,418
136,436
137,298
138,252
139,389
140,300
141,354
142,260
143,194
144
145,395
146,265
147,277
148,203
149,67
150,106
151,361
152,365
153,18
154,399
155,283
156,50
157,286
158,75
159,74
160
161,139
162,193
163,195
164,104
165,398
166,364
167,363
168,154
169,367
170,321
171,110
172,34
173,322
174,287
175,52
176
177,323
178,54
179,401
180,113
181,341
182,328
183,118
184,456
185,407
186,117
187,409
188,58
189,332
190,382
191,414
192
193,444
194,423
195,392
196,357
197,358
198,427
199,275
200,425
201,360
202,100
203,362
204,146
205,429
206,68
207,108
208
209,226
210,129
211,469
212,294
213,248
214,435
215,385
216,476
217,445
218,302
219,273
220,393
221,145
222,200
223,105
224
225
226,2
227,82
228,242
229,84
230,5
231
232,7
233,245
234,133
235,89
236,9
237,295
238,296
239,94
240
241
242
243
244
245,290
246,88
247,87
248,235
249,211
250,92
251,91
252,212
253,136
254,14
255,390
256
257,215
258,388
259,253
260,442
261,161
262,162
263,99
264,197
265,394
266,198
267,163
268,222
269,397
270,65
271,66
272
273,261
274,196
275,426
276,359
277,102
278,202
279,268
280,270
281,107
282,151
283,109
284,366
285,167
286,20
287,111
288
289,1
290,465
291,229
292,466
293,232
294,470
295,471
296,247
297,437
298,438
299,95
300,474
301,440
302,141
303,97
304
305,168
306,73
307,169
308,157
309,22
310,375
311,340
312,185
313,408
314,347
315,61
316,349
317,350
318,46
319,413
320
321,152
322,284
323,369
324,308
325,179
326,115
327,376
328,406
329,455
330,181
331,379
332,342
333,186
334,122
335,187
336
337,38
338,449
339,178
340,28
341,114
342,454
343,180
344,405
345,120
346,59
347,121
348,43
349,335
350,124
351,461
352
353,11
354,420
355,477
356,478
357,479
358,216
359,447
360,219
361,428
362,220
363,266
364,279
365,271
366,205
367,49
368
369,35
370,171
371,306
372,70
373,307
374,158
375,24
376,53
377,29
378,57
379,343
380,183
381,330
382,42
383,460
384
385,135
386,213
387,93
388,239
389,297
390,439
391,441
392,356
393,259
394,218
395,143
396,263
397,276
398,103
399,223
400
401,451
402,25
403,78
404,79
405,56
406,40
407,377
408,329
409,119
410,380
411,458
412,348
413,345
414,45
415,315
416
417,468
418,433
419,236
420,472
421,138
422,254
423,443
424,446
425,303
426,142
427,98
428,101
429,396
430,148
431,267
432
433,291
434,230
435,234
436,293
437,10
438,419
439,237
440,473
441,13
442,353
443,355
444,140
445,422
446,258
447,421
448
449,174
450,159
451,371
452,309
453,77
454,402
455,116
456,327
457,182
458,331
459,123
460,188
461,62
462,314
463,412
464
465,83
466,225
467,85
468,228
469,130
470,6
471,210
472,434
473,250
474,386
475,251
476,137
477,12
478,299
479,15
480