Makespan: 5128
Start: 0
End: 801
OPERATIONS SEQUENCE: 
1,2,3,4,5,6,7,8,9,10,11,12,13,14,15,16
17,18,19,20,21,22,23,24,25,26,27,28,29,30,31,32
33,34,35,36,37,38,39,40,41,42,43,44,45,46,47,48
49,50,51,52,53,54,55,56,57,58,59,60,61,62,63,64
65,66,67,68,69,70,71,72,73,74,75,76,77,78,79,80
81,82,83,84,85,86,87,88,89,90,91,92,93,94,95,96
97,98,99,100,101,102,103,104,105,106,107,108,109,110,111,112
113,114,115,116,117,118,119,120,121,122,123,124,125,126,127,128
129,130,131,132,133,134,135,136,137,138,139,140,141,142,143,144
145,146,147,148,149,150,151,152,153,154,155,156,157,158,159,160
161,162,163,164,165,166,167,168,169,170,171,172,173,174,175,176
177,178,179,180,181,182,183,184,185,186,187,188,189,190,191,192
193,194,195,196,197,198,199,200,201,202,203,204,205,206,207,208
209,210,211,212,213,214,215,216,217,218,219,220,221,222,223,224
225,226,227,228,229,230,231,232,233,234,235,236,237,238,239,240
241,242,243,244,245,246,247,248,249,250,251,252,253,254,255,256
257,258,259,260,261,262,263,264,265,266,267,268,269,270,271,272
273,274,275,276,277,278,279,280,281,282,283,284,285,286,287,288
289,290,291,292,293,294,295,296,297,298,299,300,301,302,303,304
305,306,307,308,309,310,311,312,313,314,315,316,317,318,319,320
321,322,323,324,325,326,327,328,329,330,331,332,333,334,335,336
337,338,339,340,341,342,343,344,345,346,347,348,349,350,351,352
353,354,355,356,357,358,359,360,361,362,363,364,365,366,367,368
369,370,371,372,373,374,375,376,377,378,379,380,381,382,383,384
385,386,387,388,389,390,391,392,393,394,395,396,397,398,399,400
401,402,403,404,405,406,407,408,409,410,411,412,413,414,415,416
417,418,419,420,421,422,423,424,425,426,427,428,429,430,431,432
433,434,435,436,437,438,439,440,441,442,443,444,445,446,447,448
449,450,451,452,453,454,455,456,457,458,459,460,461,462,463,464
465,466,467,468,469,470,471,472,473,474,475,476,477,478,479,480
481,482,483,484,485,486,487,488,489,490,491,492,493,494,495,496
497,498,499,500,501,502,503,504,505,506,507,508,509,510,511,512
513,514,515,516,517,518,519,520,521,522,523,524,525,526,527,528
529,530,531,532,533,534,535,536,537,538,539,540,541,542,543,544
545,546,547,548,549,550,551,552,553,554,555,556,557,558,559,560
561,562,563,564,565,566,567,568,569,570,571,572,573,574,575,576
577,578,579,580,581,582,583,584,585,586,587,588,589,590,591,592
593,594,595,596,597,598,599,600,601,602,603,604,605,606,607,608
609,610,611,612,613,614,615,616,617,618,619,620,621,622,623,624
625,626,627,628,629,630,631,632,633,634,635,636,637,638,639,640
641,642,643,644,645,646,647,648,649,650,651,652,653,654,655,656
657,658,659,660,661,662,663,664,665,666,667,668,669,670,671,672
673,674,675,676,677,678,679,680,681,682,683,684,685,686,687,688
689,690,691,692,693,694,695,696,697,698,699,700,701,702,703,704
705,706,707,708,709,710,711,712,713,714,715,716,717,718,719,720
721,722,723,724,725,726,727,728,729,730,731,732,733,734,735,736
737,738,739,740,741,742,743,744,745,746,747,748,749,750,751,752
753,754,755,756,757,758,759,760,761,762,763,764,765,766,767,768
769,770,771,772,773,774,775,776,777,778,779,780,781,782,783,784
785,786,787,788,789,790,791,792,793,794,795,796,797,798,799,800
MACHINE PREDECESSOR INFO: OPERATION, MACHINE PREDECESSOR 
1,280
2,459
3,692
4,527
5,285
6,597
7,698
8,295
9,101
10,603
11,312
12,104
13,41
14,409
15,106
16
17,63
18,518
19,445
20,358
21,523
22,363
23,281
24,364
25,292
26,158
27,293
28,287
29,403
30,719
31,754
32
33,99
34,27
35,307
36,404
37,100
38,296
39,297
40,407
41,607
42,701
43,108
44,107
45,758
46,765
47,766
48
49,200
50,565
51,487
52,378
53,479
54,571
55,478
56,381
57,147
58,394
59,393
60,438
61,88
62,452
63,118
64
65
66
67
68
69,771
70
71,738
72,770
73,726
74,613
75,664
76,790
77,791
78,665
79,793
80
81,570
82,390
83,53
84,434
85,51
86,493
87,556
88,559
89,575
90,514
91,354
92,399
93,18
94,357
95,690
96
97,291
98,462
99,715
100,599
101,35
102,6
103,34
104,604
105,40
106,702
107,408
108,757
109,39
110,313
111,414
112
113,56
114,572
115,383
116,494
117,396
118,515
119,152
120,355
121,706
122,62
123,446
124,275
125,362
126,708
127,359
128
129,587
130,632
131,796
132,246
133,638
134,172
135,639
136,344
137,254
138,538
139,219
140,175
141,193
142,229
143,654
144
145,50
146,488
147,203
148,83
149,491
150,449
151,59
152,397
153,117
154,61
155,356
156,360
157,21
158,458
159,595
160
161,266
162,781
163,584
164,79
165,177
166,747
167,751
168,623
169,750
170,209
171,533
172,673
173,674
174,252
175,215
176
177,74
178,78
179,731
180,621
181,782
182,163
183,622
184,629
185,783
186,642
187,417
188,247
189,342
190,420
191,503
192
193,539
194,540
195,221
196,683
197,466
198,561
199,426
200,333
201,548
202,335
203,566
204,82
205,554
206,492
207,114
208
209,130
210,497
211,132
212,133
213,501
214,343
215,253
216,136
217,225
218,679
219,505
220,651
221,227
222,465
223,685
224
225,173
226,322
227,681
228,506
229,194
230,422
231,686
232,469
233,328
234,509
235,510
236,330
237,386
238,549
239,567
240
241,183
242,182
243,669
244,166
245,795
246,643
247,531
248,637
249,171
250,186
251,647
252,212
253,189
254,676
255,537
256
257
258
259
260,737
261,657
262,722
263,776
264,728
265,778
266,582
267,780
268,620
269,164
270,797
271,589
272
273,87
274,151
275,517
276,90
277,154
278,521
279,456
280,123
281,126
282,525
283,92
284,95
285,594
286,593
287,693
288
289,712
290,157
291,1
292,3
293,284
294,98
295,697
296,401
297,602
298,9
299,102
300,11
301,314
302,762
303,763
304
305,463
306,4
307,696
308,717
309,36
310,37
311,30
312,753
313,755
314,12
315,410
316,105
317,13
318,760
319,43
320
321,418
322,536
323,174
324,255
325,137
326,346
327,347
328,467
329,481
330,508
331,483
332,687
333,234
334,484
335,385
336
337,165
338,670
339,129
340,641
341,131
342,644
343,248
344,648
345,535
346,190
347,138
348,652
349,655
350,143
351,197
352
353,440
354,451
355,516
356,453
357,519
358,277
359,707
360,93
361,447
362,276
363,278
364,710
365,282
366,23
367,5
368
369,233
370,482
371,546
372,235
373,331
374,332
375,334
376,486
377,201
378,568
379,199
380,81
381,433
382,391
383,490
384
385,473
386,547
387,374
388,427
389,569
390,429
391,145
392,380
393,84
394,553
395,113
396,513
397,574
398,442
399,120
400
401,598
402,695
403,306
404,286
405,28
406,699
407,7
408,31
409,606
410,703
411,756
412,759
413,301
414,761
415,300
416
417,340
418,530
419,500
420,211
421,188
422,220
423,196
424,141
425,349
426,232
427,369
428,49
429,376
430,477
431,238
432
433,431
434,552
435,54
436,392
437,55
438,204
439,207
440,495
441,557
442,558
443,116
444,450
445,119
446,520
447,17
448
449,555
450,115
451,149
452,206
453,705
454,443
455,398
456,153
457,20
458,124
459,689
460,691
461,22
462,365
463,596
464
465,325
466,682
467,507
468,684
469,327
470,424
471,348
472,231
473,370
474,371
475,372
476,236
477,387
478,377
479,239
480
481,223
482,230
483,470
484,423
485,198
486,563
487,474
488,430
489,388
490,389
491,52
492,436
493,437
494,205
495,58
496
497,588
498,635
499,532
500,170
501,134
502,534
503,321
504,650
505,345
506,680
507,216
508,541
509,468
510,329
511,472
512
513,86
514,150
515,273
516,441
517,89
518,444
519,454
520,91
521,121
522,455
523,122
524,155
525,709
526,457
527,460
528
529,671
530,271
531,634
532,799
533,798
534,341
535,250
536,213
537,649
538,677
539,217
540,504
541,218
542,326
543,228
544
545,471
546,350
547,351
548,562
549,485
550,476
551,428
552,564
553,379
554,382
555,435
556,573
557,57
558,148
559,439
560
561,222
562,425
563,545
564,373
565,511
566,475
567,375
568,237
569,551
570,550
571,202
572,489
573,146
574,85
575,353
576
577,723
578,788
579,725
580,662
581,741
582,779
583,745
584,667
585,178
586,630
587,749
588,167
589,244
590,633
591,185
592
593,713
594,290
595,461
596,283
597,24
598,714
599,25
600,366
601,33
602,29
603,405
604,700
605,311
606,103
607,406
608
609,721
610,785
611,67
612,66
613,775
614,262
615,72
616,727
617,625
618,626
619,76
620,792
621,743
622,732
623,733
624
625,577
626,777
627,742
628,619
629,583
630,794
631,242
632,735
633,337
634,339
635,270
636,245
637,169
638,591
639,187
640
641,243
642,168
643,269
644,529
645,498
646,499
647,210
648,675
649,419
650,214
651,678
652,226
653,421
654,195
655,543
656
657
658
659,260
660,611
661,786
662,789
663,614
664,579
665,263
666,744
667,265
668,627
669,748
670,241
671,586
672
673,636
674,645
675,249
676,646
677,251
678,502
679,135
680,323
681,191
682,324
683,139
684,140
685,653
686,542
687,142
688
689,361
690,524
691,127
692,711
693,289
694,526
695,97
696,159
697,716
698,600
699,294
700,718
701,308
702,309
703,299
704
705,395
706,60
707,274
708,522
709,19
710,279
711,125
712,94
713,156
714,2
715,694
716,305
717,367
718,26
719,402
720
721
722
723,769
724,659
725,772
726,740
727,787
728,774
729,615
730,618
731,267
732,581
733,668
734,181
735,585
736
737
738,609
739,610
740,658
741,773
742,578
743,75
744,617
745,264
746,729
747,730
748,161
749,162
750,179
751,734
752
753,601
754,8
755,38
756,310
757,10
758,605
759,298
760,14
761,42
762,316
763,15
764,317
765,413
766,315
767,109
768
769
770,257
771,258
772,259
773,70
774,660
775,724
776,739
777,661
778,71
779,616
780,580
781,77
782,628
783,268
784
785
786,65
787,68
788,69
789,612
790,261
791,663
792,73
793,666
794,746
795,180
796,631
797,338
798,184
799,590
800