Makespan: 5740
Start: 0
End: 1051
OPERATIONS SEQUENCE: 
1,2,3,4,5,6,7,8,9,10,11,12,13,14,15,16,17,18,19,20,21
22,23,24,25,26,27,28,29,30,31,32,33,34,35,36,37,38,39,40,41,42
43,44,45,46,47,48,49,50,51,52,53,54,55,56,57,58,59,60,61,62,63
64,65,66,67,68,69,70,71,72,73,74,75,76,77,78,79,80,81,82,83,84
85,86,87,88,89,90,91,92,93,94,95,96,97,98,99,100,101,102,103,104,105
106,107,108,109,110,111,112,113,114,115,116,117,118,119,120,121,122,123,124,125,126
127,128,129,130,131,132,133,134,135,136,137,138,139,140,141,142,143,144,145,146,147
148,149,150,151,152,153,154,155,156,157,158,159,160,161,162,163,164,165,166,167,168
169,170,171,172,173,174,175,176,177,178,179,180,181,182,183,184,185,186,187,188,189
190,191,192,193,194,195,196,197,198,199,200,201,202,203,204,205,206,207,208,209,210
211,212,213,214,215,216,217,218,219,220,221,222,223,224,225,226,227,228,229,230,231
232,233,234,235,236,237,238,239,240,241,242,243,244,245,246,247,248,249,250,251,252
253,254,255,256,257,258,259,260,261,262,263,264,265,266,267,268,269,270,271,272,273
274,275,276,277,278,279,280,281,282,283,284,285,286,287,288,289,290,291,292,293,294
295,296,297,298,299,300,301,302,303,304,305,306,307,308,309,310,311,312,313,314,315
316,317,318,319,320,321,322,323,324,325,326,327,328,329,330,331,332,333,334,335,336
337,338,339,340,341,342,343,344,345,346,347,348,349,350,351,352,353,354,355,356,357
358,359,360,361,362,363,364,365,366,367,368,369,370,371,372,373,374,375,376,377,378
379,380,381,382,383,384,385,386,387,388,389,390,391,392,393,394,395,396,397,398,399
400,401,402,403,404,405,406,407,408,409,410,411,412,413,414,415,416,417,418,419,420
421,422,423,424,425,426,427,428,429,430,431,432,433,434,435,436,437,438,439,440,441
442,443,444,445,446,447,448,449,450,451,452,453,454,455,456,457,458,459,460,461,462
463,464,465,466,467,468,469,470,471,472,473,474,475,476,477,478,479,480,481,482,483
484,485,486,487,488,489,490,491,492,493,494,495,496,497,498,499,500,501,502,503,504
505,506,507,508,509,510,511,512,513,514,515,516,517,518,519,520,521,522,523,524,525
526,527,528,529,530,531,532,533,534,535,536,537,538,539,540,541,542,543,544,545,546
547,548,549,550,551,552,553,554,555,556,557,558,559,560,561,562,563,564,565,566,567
568,569,570,571,572,573,574,575,576,577,578,579,580,581,582,583,584,585,586,587,588
589,590,591,592,593,594,595,596,597,598,599,600,601,602,603,604,605,606,607,608,609
610,611,612,613,614,615,616,617,618,619,620,621,622,623,624,625,626,627,628,629,630
631,632,633,634,635,636,637,638,639,640,641,642,643,644,645,646,647,648,649,650,651
652,653,654,655,656,657,658,659,660,661,662,663,664,665,666,667,668,669,670,671,672
673,674,675,676,677,678,679,680,681,682,683,684,685,686,687,688,689,690,691,692,693
694,695,696,697,698,699,700,701,702,703,704,705,706,707,708,709,710,711,712,713,714
715,716,717,718,719,720,721,722,723,724,725,726,727,728,729,730,731,732,733,734,735
736,737,738,739,740,741,742,743,744,745,746,747,748,749,750,751,752,753,754,755,756
757,758,759,760,761,762,763,764,765,766,767,768,769,770,771,772,773,774,775,776,777
778,779,780,781,782,783,784,785,786,787,788,789,790,791,792,793,794,795,796,797,798
799,800,801,802,803,804,805,806,807,808,809,810,811,812,813,814,815,816,817,818,819
820,821,822,823,824,825,826,827,828,829,830,831,832,833,834,835,836,837,838,839,840
841,842,843,844,845,846,847,848,849,850,851,852,853,854,855,856,857,858,859,860,861
862,863,864,865,866,867,868,869,870,871,872,873,874,875,876,877,878,879,880,881,882
883,884,885,886,887,888,889,890,891,892,893,894,895,896,897,898,899,900,901,902,903
904,905,906,907,908,909,910,911,912,913,914,915,916,917,918,919,920,921,922,923,924
925,926,927,928,929,930,931,932,933,934,935,936,937,938,939,940,941,942,943,944,945
946,947,948,949,950,951,952,953,954,955,956,957,958,959,960,961,962,963,964,965,966
967,968,969,970,971,972,973,974,975,976,977,978,979,980,981,982,983,984,985,986,987
988,989,990,991,992,993,994,995,996,997,998,999,1000,1001,1002,1003,1004,1005,1006,1007,1008
1009,1010,1011,1012,1013,1014,1015,1016,1017,1018,1019,1020,1021,1022,1023,1024,1025,1026,1027,1028,1029
1030,1031,1032,1033,1034,1035,1036,1037,1038,1039,1040,1041,1042,1043,1044,1045,1046,1047,1048,1049,1050
MACHINE PREDECESSOR INFO: OPERATION, MACHINE PREDECESSOR 
1
2
3
4
5,988
6,737
7,679
8,176
9,297
10,682
11,681
12,193
13,996
14,978
15,767
16,957
17,979
18,688
19,771
20,914
21
22,786
23,702
24,436
25,896
26,897
27,369
28,708
29,452
30,372
31,373
32,275
33,794
34,661
35,662
36,843
37,249
38,795
39,215
40,461
41,281
42
43,575
44,286
45,222
46,325
47,117
48,580
49,227
50,292
51,505
52,333
53,390
54,335
55,417
56,558
57,512
58,502
59,73
60,338
61,394
62,339
63
64,860
65,553
66,51
67,587
68,497
69,510
70,150
71,499
72,479
73,927
74,562
75,88
76,61
77,396
78,611
79,613
80,1012
81,1013
82,828
83,871
84
85,70
86,925
87,592
88,392
89,929
90,864
91,563
92,60
93,340
94,936
95,597
96,869
97,722
98,520
99,603
100,82
101,622
102,1024
103,875
104,626
105
106,844
107,318
108,250
109,213
110,321
111,570
112,533
113,537
114,319
115,400
116,221
117,576
118,44
119,146
120,403
121,224
122,406
123,551
124,383
125,291
126
127,893
128,755
129,704
130,705
131,439
132,451
133,246
134,793
135,374
136,38
137,797
138,216
139,377
140,535
141,280
142,39
143,112
144,324
145,670
146,538
147
148,509
149,496
150,810
151,478
152,393
153,90
154,89
155,92
156,517
157,935
158,342
159,398
160,94
161,79
162,938
163,616
164,870
165,940
166,350
167,1023
168
169
170,968
171,3
172,1031
173,990
174
175,5
176,967
177,738
178,10
179,192
180,299
181,956
182,766
183,912
184,1000
185,980
186,422
187,1002
188,963
189
190,908
191,972
192,909
193,680
194,178
195,913
196,19
197,983
198,746
199,187
200,424
201,962
202,964
203,965
204,431
205,309
206,637
207,698
208,640
209,241
210
211,32
212,845
213,532
214,663
215,107
216,568
217,796
218,111
219,851
220,144
221,577
222,484
223,485
224,547
225,465
226,122
227,407
228,489
229,290
230,471
231
232,1007
233,779
234,201
235,432
236,257
237,752
238,258
239,448
240,434
241,128
242,894
243,130
244,131
245,900
246,529
247,709
248,901
249,456
250,271
251,34
252
253,694
254,633
255,885
256,783
257,635
258,1046
259,205
260,428
261,636
262,361
263,445
264,652
265,753
266,365
267,657
268,209
269,642
270,371
271,29
272,30
273
274,270
275,453
276,660
277,712
278,35
279,648
280,109
281,649
282,571
283,848
284,137
285,114
286,574
287,142
288,43
289,401
290,464
291,326
292,123
293,491
294
295,674
296,995
297,952
298,190
299,762
300,763
301,13
302,911
303,15
304,184
305,20
306,960
307,915
308,918
309,631
310,1041
311,199
312,917
313,884
314,886
315
316,899
317,28
318,710
319,457
320,37
321,458
322,650
323,279
324,573
325,572
326,463
327,543
328,544
329,124
330,229
331,805
332,806
333,804
334,386
335,149
336
337,500
338,928
339,715
340,931
341,564
342,395
343,866
344,821
345,822
346,823
347,161
348,1011
349,160
350,943
351,726
352,83
353,99
354,167
355,624
356,625
357
358,653
359,260
360,700
361,890
362,206
363,891
364,261
365,207
366,22
367,895
368,641
369,450
370,706
371,437
372,644
373,841
374,646
375,647
376,36
377,459
378
379,288
380,579
381,404
382,859
383,800
384,409
385,48
386,552
387,125
388,331
389,65
390,330
391,556
392,593
393,513
394,814
395,930
396,62
397,153
398,612
399
400,849
401,850
402,141
403,671
404,220
405,118
406,46
407,466
408,47
409,327
410,467
411,803
412,225
413,554
414,474
415,589
416,52
417,476
418,594
419,557
420
421,17
422,981
423,16
424,1042
425,985
426,776
427,1045
428,922
429,883
430,232
431,313
432,750
433,782
434,785
435,363
436,262
437,127
438,265
439,266
440,367
441
442,253
443,255
444,204
445,699
446,359
447,360
448,433
449,358
450,236
451,24
452,368
453,244
454,791
455,440
456,643
457,133
458,33
459,106
460,846
461,214
462
463,667
464,115
465,379
466,119
467,487
468,380
469,405
470,488
471,801
472,328
473,802
474,332
475,388
476,508
477,411
478,809
479,559
480,56
481,561
482,501
483
484,285
485,284
486,548
487,857
488,540
489,581
490,382
491,226
492,585
493,329
494,230
495,412
496,64
497,507
498,511
499,334
500,591
501,85
502,926
503,812
504
505,583
506,293
507,387
508,490
509,495
510,590
511,586
512,389
513,416
514,86
515,863
516,815
517,59
518,482
519,934
520,868
521,1019
522,600
523,605
524,877
525
526,449
527,129
528,208
529,789
530,316
531,792
532,247
533,278
534,665
535,664
536,322
537,217
538,282
539,283
540,853
541,116
542,289
543,858
544,121
545,578
546
547,852
548,145
549,402
550,856
551,381
552,469
553,584
554,473
555,49
556,494
557,475
558,67
559,808
560,418
561,498
562,811
563,503
564,151
565,932
566,610
567
568,31
569,251
570,136
571,847
572,534
573,666
574,140
575,139
576,539
577,669
578,219
579,549
580,486
581,855
582,550
583,384
584,410
585,472
586,120
587,493
588
589,807
590,413
591,555
592,414
593,477
594,68
595,53
596,54
597,1009
598,720
599,343
600,937
601,725
602,1017
603,165
604,829
605,872
606,832
607,623
608,1025
609
610,813
611,91
612,516
613,933
614,599
615,721
616,1014
617,346
618,824
619,942
620,724
621,1018
622,830
623,873
624,874
625,604
626,354
627,523
628,876
629,834
630
631,423
632,691
633,200
634,748
635,429
636,696
637,442
638,312
639,235
640,263
641,656
642,366
643,370
644,707
645,788
646,317
647,531
648,132
649,713
650,211
651
652,234
653,1047
654,1048
655,444
656,314
657,23
658,240
659,25
660,242
661,902
662,248
663,711
664,212
665,376
666,460
667,138
668,110
669,323
670,113
671,854
672
673,169
674,905
675
676,170
677,994
678,758
679,173
680,971
681,992
682,973
683,191
684,298
685,976
686,181
687,1037
688,958
689,959
690,195
691,304
692,1003
693
694,188
695,749
696,427
697,923
698,887
699,889
700,254
701,237
702,639
703,238
704,446
705,892
706,438
707,898
708,658
709,269
710,245
711,790
712,842
713,134
714
715,415
716,71
717,481
718,514
719,155
720,566
721,1010
722,158
723,825
724,939
725,348
726,163
727,1015
728,347
729,618
730,521
731,1020
732,100
733,103
734,524
735
736,757
737,948
738,678
739,1034
740,1033
741,295
742,684
743,194
744,1038
745,1039
746,186
747,305
748,425
749,426
750,780
751,430
752,203
753,654
754,447
755,435
756
757,1
758,991
759,171
760,993
761,174
762,906
763,7
764,1032
765,910
766,1035
767,179
768,301
769,302
770,183
771,686
772,743
773,1040
774,916
775,778
776,961
777
778,306
779,197
780,310
781,747
782,202
783,634
784,751
785,443
786,655
787,362
788,527
789,659
790,268
791,243
792,26
793,455
794,274
795,276
796,277
797,108
798
799,468
800,542
801,408
802,545
803,582
804,470
805,228
806,385
807,492
808,506
809,66
810,50
811,148
812,595
813,55
814,717
815,337
816,862
817,820
818,719
819
820,865
821,154
822,596
823,397
824,93
825,518
826,818
827,1016
828,614
829,164
830,601
831,944
832,621
833,728
834,1021
835,353
836,102
837,879
838,1027
839,880
840
841,528
842,27
843,454
844,530
845,272
846,375
847,320
848,135
849,569
850,40
851,668
852,41
853,218
854,536
855,143
856,45
857,287
858,223
859,541
860,799
861
862,57
863,87
864,58
865,716
866,565
867,156
868,157
869,345
870,80
871,162
872,727
873,97
874,602
875,831
876,1022
877,166
878,606
879,620
880,351
881,608
882
883,308
884,921
885,920
886,695
887,781
888,919
889,784
890,697
891,1049
892,259
893,701
894,754
895,264
896,364
897,703
898,239
899,267
900,526
901,787
902,645
903
904
905
906,4
907,970
908,953
909,677
910,739
911,11
912,12
913,1036
914,685
915,977
916,185
917,1004
918,1006
919,775
920,1044
921,986
922,311
923,233
924
925,391
926,69
927,419
928,560
929,480
930,72
931,74
932,152
933,515
934,75
935,77
936,76
937,817
938,598
939,95
940,615
941,723
942,96
943,827
944,81
945
946
947
948
949
950
951
952,675
953,759
954,736
955,760
956,740
957,765
958,975
959,999
960,683
961,690
962,745
963,773
964,307
965,632
966
967
968,989
969
970,673
971,951
972,175
973,296
974,954
975,761
976,955
977,177
978,764
979,998
980,9
981,769
982,689
983,744
984,1001
985,303
986,692
987
988
989
990,947
991,1030
992,949
993,172
994,950
995,946
996,907
997,8
998,741
999,180
1000,14
1001,742
1002,687
1003,182
1004,18
1005,770
1006,196
1007,1043
1008
1009,341
1010,816
1011,867
1012,718
1013,159
1014,519
1015,344
1016,78
1017,941
1018,349
1019,619
1020,617
1021,98
1022,826
1023,522
1024,352
1025,729
1026,833
1027,607
1028,732
1029
1030,2
1031
1032,904
1033,969
1034,676
1035,6
1036,997
1037,974
1038,300
1039,768
1040,421
1041,1005
1042,982
1043,774
1044,772
1045,984
1046,198
1047,256
1048,888
1049,638
1050