Makespan: 3106
Start: 0
End: 481
OPERATIONS SEQUENCE: 
1,2,3,4,5,6,7,8,9,10,11,12,13,14,15,16
17,18,19,20,21,22,23,24,25,26,27,28,29,30,31,32
33,34,35,36,37,38,39,40,41,42,43,44,45,46,47,48
49,50,51,52,53,54,55,56,57,58,59,60,61,62,63,64
65,66,67,68,69,70,71,72,73,74,75,76,77,78,79,80
81,82,83,84,85,86,87,88,89,90,91,92,93,94,95,96
97,98,99,100,101,102,103,104,105,106,107,108,109,110,111,112
113,114,115,116,117,118,119,120,121,122,123,124,125,126,127,128
129,130,131,132,133,134,135,136,137,138,139,140,141,142,143,144
145,146,147,148,149,150,151,152,153,154,155,156,157,158,159,160
161,162,163,164,165,166,167,168,169,170,171,172,173,174,175,176
177,178,179,180,181,182,183,184,185,186,187,188,189,190,191,192
193,194,195,196,197,198,199,200,201,202,203,204,205,206,207,208
209,210,211,212,213,214,215,216,217,218,219,220,221,222,223,224
225,226,227,228,229,230,231,232,233,234,235,236,237,238,239,240
241,242,243,244,245,246,247,248,249,250,251,252,253,254,255,256
257,258,259,260,261,262,263,264,265,266,267,268,269,270,271,272
273,274,275,276,277,278,279,280,281,282,283,284,285,286,287,288
289,290,291,292,293,294,295,296,297,298,299,300,301,302,303,304
305,306,307,308,309,310,311,312,313,314,315,316,317,318,319,320
321,322,323,324,325,326,327,328,329,330,331,332,333,334,335,336
337,338,339,340,341,342,343,344,345,346,347,348,349,350,351,352
353,354,355,356,357,358,359,360,361,362,363,364,365,366,367,368
369,370,371,372,373,374,375,376,377,378,379,380,381,382,383,384
385,386,387,388,389,390,391,392,393,394,395,396,397,398,399,400
401,402,403,404,405,406,407,408,409,410,411,412,413,414,415,416
417,418,419,420,421,422,423,424,425,426,427,428,429,430,431,432
433,434,435,436,437,438,439,440,441,442,443,444,445,446,447,448
449,450,451,452,453,454,455,456,457,458,459,460,461,462,463,464
465,466,467,468,469,470,471,472,473,474,475,476,477,478,479,480
MACHINE PREDECESSOR INFO: OPERATION, MACHINE PREDECESSOR 
1,316
2,317
3,28
4,372
5,437
6,375
7,325
8,47
9,199
10,203
11,328
12,270
13,397
14,378
15,381
16
17,307
18,188
19,219
20,310
21,313
22,34
23,35
24,314
25,33
26,37
27,194
28,250
29,319
30,321
31,324
32
33,189
34,246
35,312
36,126
37,247
38,315
39,248
40,249
41,24
42,124
43,27
44,318
45,387
46,385
47,376
48
49,229
50,107
51,475
52,340
53,145
54,290
55,291
56,294
57,295
58,296
59,366
60,237
61,153
62,152
63,423
64
65
66
67
68,164
69,471
70,358
71,104
72,49
73,463
74,363
75,233
76,172
77,146
78,177
79,55
80
81,345
82,181
83,346
84,348
85,213
86,62
87,424
88,118
89,154
90,119
91,404
92,306
93,308
94,220
95,430
96
97,129
98,65
99
100,130
101,225
102,451
103,452
104,454
105
106,472
107,473
108,135
109,170
110,231
111,478
112
113,420
114,367
115,79
116,212
117,182
118,351
119,426
120,183
121,86
122,286
123,245
124,311
125,410
126,20
127,433
128
129
130,466
131,449
132,98
133,226
134,103
135,165
136,228
137,474
138,338
139,50
140,71
141,72
142,51
143,477
144
145,70
146,171
147,178
148,111
149,174
150,78
151,347
152,276
153,239
154,278
155,280
156,117
157,303
158,90
159,309
160
161
162,97
163,131
164,101
165,355
166,357
167,356
168,136
169,134
170,360
171,230
172,461
173,73
174,54
175,235
176
177,52
178,234
179,53
180,365
181,56
182,421
183,84
184,302
185,216
186,89
187,429
188,91
189,92
190,121
191,287
192
193,127
194,222
195,257
196,369
197,26
198,260
199,253
200,254
201,386
202,6
203,390
204,267
205,8
206,444
207,396
208
209,175
210,419
211,81
212,238
213,151
214,299
215,350
216,279
217,87
218,305
219,157
220,284
221,186
222,159
223,22
224
225
226,465
227,455
228,67
229,166
230,456
231,138
232,140
233,361
234,479
235,74
236,417
237,275
238,150
239,113
240
241,405
242,120
243,406
244,407
245,18
246,93
247,285
248,125
249,190
250,38
251,258
252,195
253,414
254,44
255,322
256
257,411
258,23
259,41
260,25
261,2
262,29
263,3
264,373
265,200
266,5
267,327
268,395
269,443
270,329
271,205
272
273,75
274,289
275,180
276,210
277,297
278,422
279,83
280,401
281,301
282,427
283,63
284,156
285,218
286,17
287,158
288
289,462
290,232
291,341
292,141
293,364
294,77
295,342
296,418
297,344
298,211
299,59
300,209
301,116
302,85
303,88
304
305,428
306,403
307,241
308,187
309,242
310,243
311,244
312,409
313,191
314,95
315,193
316,434
317,39
318,412
319,413
320
321,42
322,198
323,436
324,261
325,415
326,263
327,46
328,438
329,440
330,441
331,445
332,394
333,446
334,206
335,271
336
337,457
338,69
339,459
340,108
341,109
342,143
343,292
344,179
345,147
346,149
347,236
348,58
349,114
350,61
351,425
352
353
354,468
355,450
356,132
357,470
358,227
359,68
360,458
361,106
362,169
363,142
364,110
365,76
366,148
367,82
368
369,36
370,223
371,43
372,251
373,323
374,45
375,30
376,388
377,31
378,439
379,9
380,393
381,330
382,204
383,333
384
385,1
386,370
387,252
388,435
389,4
390,262
391,255
392,265
393,326
394,266
395,202
396,442
397,264
398,331
399,269
400
401,115
402,349
403,215
404,282
405,184
406,217
407,283
408,431
409,94
410,221
411,21
412,19
413,40
414,259
415,371
416
417,173
418,273
419,293
420,274
421,343
422,57
423,298
424,277
425,60
426,300
427,214
428,402
429,155
430,281
431,185
432
433,408
434,123
435,122
436,197
437,196
438,374
439,391
440,201
441,392
442,377
443,7
444,389
445,379
446,10
447,268
448
449
450,467
451
452,66
453,161
454,354
455,469
456,100
457,99
458,133
459,168
460,359
461,137
462,476
463,139
464
465
466
467
468
469,162
470,102
471,453
472,163
473,353
474,105
475,337
476,167
477,460
478,339
479,362
480