Makespan: 2529
Start: 0
End: 421
OPERATIONS SEQUENCE: 
1,2,3,4,5,6,7,8,9,10,11,12,13,14,15,16,17,18,19,20,21
22,23,24,25,26,27,28,29,30,31,32,33,34,35,36,37,38,39,40,41,42
43,44,45,46,47,48,49,50,51,52,53,54,55,56,57,58,59,60,61,62,63
64,65,66,67,68,69,70,71,72,73,74,75,76,77,78,79,80,81,82,83,84
85,86,87,88,89,90,91,92,93,94,95,96,97,98,99,100,101,102,103,104,105
106,107,108,109,110,111,112,113,114,115,116,117,118,119,120,121,122,123,124,125,126
127,128,129,130,131,132,133,134,135,136,137,138,139,140,141,142,143,144,145,146,147
148,149,150,151,152,153,154,155,156,157,158,159,160,161,162,163,164,165,166,167,168
169,170,171,172,173,174,175,176,177,178,179,180,181,182,183,184,185,186,187,188,189
190,191,192,193,194,195,196,197,198,199,200,201,202,203,204,205,206,207,208,209,210
211,212,213,214,215,216,217,218,219,220,221,222,223,224,225,226,227,228,229,230,231
232,233,234,235,236,237,238,239,240,241,242,243,244,245,246,247,248,249,250,251,252
253,254,255,256,257,258,259,260,261,262,263,264,265,266,267,268,269,270,271,272,273
274,275,276,277,278,279,280,281,282,283,284,285,286,287,288,289,290,291,292,293,294
295,296,297,298,299,300,301,302,303,304,305,306,307,308,309,310,311,312,313,314,315
316,317,318,319,320,321,322,323,324,325,326,327,328,329,330,331,332,333,334,335,336
337,338,339,340,341,342,343,344,345,346,347,348,349,350,351,352,353,354,355,356,357
358,359,360,361,362,363,364,365,366,367,368,369,370,371,372,373,374,375,376,377,378
379,380,381,382,383,384,385,386,387,388,389,390,391,392,393,394,395,396,397,398,399
400,401,402,403,404,405,406,407,408,409,410,411,412,413,414,415,416,417,418,419,420
MACHINE PREDECESSOR INFO: OPERATION, MACHINE PREDECESSOR 
1,179
2,203
3,183
4,159
5,40
6,161
7,398
8,186
9,67
10,364
11,365
12,92
13,313
14,166
15,165
16,242
17,328
18,79
19,76
20,97
21
22
23
24,401
25,295
26,46
27,148
28,279
29,296
30,280
31,281
32,174
33,53
34,285
35,197
36,284
37,124
38,288
39,290
40,267
41,160
42
43
44,276
45,215
46,218
47,169
48,253
49,133
50,131
51,405
52,226
53,151
54,150
55,32
56,229
57,391
58,139
59,306
60,1
61,205
62,41
63
64,318
65,163
66,90
67,234
68,362
69,91
70,363
71,344
72,238
73,236
74,325
75,188
76,240
77,13
78,370
79,243
80,94
81,244
82,353
83,95
84
85,155
86,125
87,418
88,140
89,292
90,3
91,319
92,64
93,65
94,368
95,348
96,74
97,329
98,78
99,347
100,351
101,247
102,333
103,82
104,18
105
106
107
108
109
110,127
111
112
113,381
114,132
115,25
116,128
117,48
118,149
119,29
120,297
121,196
122,228
123,230
124,263
125,415
126
127,22
128
129,274
130,44
131,277
132,45
133,383
134,214
135,385
136,195
137,175
138,54
139,388
140,176
141,304
142,154
143,289
144,232
145,89
146,4
147
148
149,221
150,28
151,387
152,300
153,301
154,55
155,392
156,177
157,36
158,305
159,59
160,2
161,310
162,88
163,361
164,360
165,187
166,68
167,12
168
169,380
170,254
171,255
172,190
173,117
174,282
175,227
176,389
177,121
178,262
179,287
180,393
181,264
182,37
183,158
184,269
185,293
186,271
187,343
188,320
189
190,114
191,26
192,113
193,50
194,223
195,257
196,299
197,283
198,138
199,411
200,258
201,141
202,266
203,181
204,307
205,395
206,316
207,184
208,272
209,341
210
211
212
213
214,106
215
216,108
217,111
218,275
219,107
220,112
221,24
222,170
223,256
224,49
225,192
226,116
227,119
228,30
229,390
230,136
231
232,38
233,338
234,270
235,207
236,8
237,342
238,366
239,324
240,209
241,71
242,349
243,322
244,15
245,77
246,167
247,14
248,373
249,332
250,100
251,330
252
253,212
254,129
255,216
256,382
257,404
258,51
259,191
260,407
261,122
262,153
263,303
264,412
265,416
266,58
267,156
268,157
269,143
270,87
271,359
272,312
273
274
275,402
276,23
277,213
278,400
279,220
280,47
281,134
282,384
283,386
284,406
285,410
286,302
287,408
288,199
289,413
290,394
291,265
292,200
293,308
294
295,379
296
297,27
298,222
299,224
300,173
301,31
302,135
303,409
304,261
305,260
306,414
307,85
308,202
309,268
310,358
311,60
312,233
313,162
314,367
315
316,337
317,86
318,339
319,185
320,6
321,66
322,164
323,237
324,11
325,10
326,346
327,314
328,369
329,72
330,350
331,245
332,99
333,371
334,375
335,355
336
337,291
338,419
339,201
340,396
341,317
342,5
343,145
344,146
345,397
346,7
347,70
348,239
349,69
350,93
351,75
352,327
353,17
354,331
355,73
356,248
357
358,39
359,204
360,340
361,311
362,206
363,62
364,208
365,61
366,345
367,9
368,323
369,235
370,326
371,241
372,16
373,321
374,246
375,81
376,354
377,19
378
379,211
380,403
381,130
382,110
383,278
384,217
385,219
386,171
387,298
388,118
389,259
390,120
391,137
392,34
393,198
394,123
395,417
396,182
397,309
398,144
399
400
401
402,109
403
404,43
405,115
406,172
407,225
408,194
409,193
410,52
411,152
412,286
413,56
414,35
415,33
416,57
417,178
418,180
419,142
420