Makespan: 12153
Start: 0
End: 2101
OPERATIONS SEQUENCE: 
1,2,3,4,5,6,7,8,9,10,11,12,13,14,15,16,17,18,19,20,21
22,23,24,25,26,27,28,29,30,31,32,33,34,35,36,37,38,39,40,41,42
43,44,45,46,47,48,49,50,51,52,53,54,55,56,57,58,59,60,61,62,63
64,65,66,67,68,69,70,71,72,73,74,75,76,77,78,79,80,81,82,83,84
85,86,87,88,89,90,91,92,93,94,95,96,97,98,99,100,101,102,103,104,105
106,107,108,109,110,111,112,113,114,115,116,117,118,119,120,121,122,123,124,125,126
127,128,129,130,131,132,133,134,135,136,137,138,139,140,141,142,143,144,145,146,147
148,149,150,151,152,153,154,155,156,157,158,159,160,161,162,163,164,165,166,167,168
169,170,171,172,173,174,175,176,177,178,179,180,181,182,183,184,185,186,187,188,189
190,191,192,193,194,195,196,197,198,199,200,201,202,203,204,205,206,207,208,209,210
211,212,213,214,215,216,217,218,219,220,221,222,223,224,225,226,227,228,229,230,231
232,233,234,235,236,237,238,239,240,241,242,243,244,245,246,247,248,249,250,251,252
253,254,255,256,257,258,259,260,261,262,263,264,265,266,267,268,269,270,271,272,273
274,275,276,277,278,279,280,281,282,283,284,285,286,287,288,289,290,291,292,293,294
295,296,297,298,299,300,301,302,303,304,305,306,307,308,309,310,311,312,313,314,315
316,317,318,319,320,321,322,323,324,325,326,327,328,329,330,331,332,333,334,335,336
337,338,339,340,341,342,343,344,345,346,347,348,349,350,351,352,353,354,355,356,357
358,359,360,361,362,363,364,365,366,367,368,369,370,371,372,373,374,375,376,377,378
379,380,381,382,383,384,385,386,387,388,389,390,391,392,393,394,395,396,397,398,399
400,401,402,403,404,405,406,407,408,409,410,411,412,413,414,415,416,417,418,419,420
421,422,423,424,425,426,427,428,429,430,431,432,433,434,435,436,437,438,439,440,441
442,443,444,445,446,447,448,449,450,451,452,453,454,455,456,457,458,459,460,461,462
463,464,465,466,467,468,469,470,471,472,473,474,475,476,477,478,479,480,481,482,483
484,485,486,487,488,489,490,491,492,493,494,495,496,497,498,499,500,501,502,503,504
505,506,507,508,509,510,511,512,513,514,515,516,517,518,519,520,521,522,523,524,525
526,527,528,529,530,531,532,533,534,535,536,537,538,539,540,541,542,543,544,545,546
547,548,549,550,551,552,553,554,555,556,557,558,559,560,561,562,563,564,565,566,567
568,569,570,571,572,573,574,575,576,577,578,579,580,581,582,583,584,585,586,587,588
589,590,591,592,593,594,595,596,597,598,599,600,601,602,603,604,605,606,607,608,609
610,611,612,613,614,615,616,617,618,619,620,621,622,623,624,625,626,627,628,629,630
631,632,633,634,635,636,637,638,639,640,641,642,643,644,645,646,647,648,649,650,651
652,653,654,655,656,657,658,659,660,661,662,663,664,665,666,667,668,669,670,671,672
673,674,675,676,677,678,679,680,681,682,683,684,685,686,687,688,689,690,691,692,693
694,695,696,697,698,699,700,701,702,703,704,705,706,707,708,709,710,711,712,713,714
715,716,717,718,719,720,721,722,723,724,725,726,727,728,729,730,731,732,733,734,735
736,737,738,739,740,741,742,743,744,745,746,747,748,749,750,751,752,753,754,755,756
757,758,759,760,761,762,763,764,765,766,767,768,769,770,771,772,773,774,775,776,777
778,779,780,781,782,783,784,785,786,787,788,789,790,791,792,793,794,795,796,797,798
799,800,801,802,803,804,805,806,807,808,809,810,811,812,813,814,815,816,817,818,819
820,821,822,823,824,825,826,827,828,829,830,831,832,833,834,835,836,837,838,839,840
841,842,843,844,845,846,847,848,849,850,851,852,853,854,855,856,857,858,859,860,861
862,863,864,865,866,867,868,869,870,871,872,873,874,875,876,877,878,879,880,881,882
883,884,885,886,887,888,889,890,891,892,893,894,895,896,897,898,899,900,901,902,903
904,905,906,907,908,909,910,911,912,913,914,915,916,917,918,919,920,921,922,923,924
925,926,927,928,929,930,931,932,933,934,935,936,937,938,939,940,941,942,943,944,945
946,947,948,949,950,951,952,953,954,955,956,957,958,959,960,961,962,963,964,965,966
967,968,969,970,971,972,973,974,975,976,977,978,979,980,981,982,983,984,985,986,987
988,989,990,991,992,993,994,995,996,997,998,999,1000,1001,1002,1003,1004,1005,1006,1007,1008
1009,1010,1011,1012,1013,1014,1015,1016,1017,1018,1019,1020,1021,1022,1023,1024,1025,1026,1027,1028,1029
1030,1031,1032,1033,1034,1035,1036,1037,1038,1039,1040,1041,1042,1043,1044,1045,1046,1047,1048,1049,1050
1051,1052,1053,1054,1055,1056,1057,1058,1059,1060,1061,1062,1063,1064,1065,1066,1067,1068,1069,1070,1071
1072,1073,1074,1075,1076,1077,1078,1079,1080,1081,1082,1083,1084,1085,1086,1087,1088,1089,1090,1091,1092
1093,1094,1095,1096,1097,1098,1099,1100,1101,1102,1103,1104,1105,1106,1107,1108,1109,1110,1111,1112,1113
1114,1115,1116,1117,1118,1119,1120,1121,1122,1123,1124,1125,1126,1127,1128,1129,1130,1131,1132,1133,1134
1135,1136,1137,1138,1139,1140,1141,1142,1143,1144,1145,1146,1147,1148,1149,1150,1151,1152,1153,1154,1155
1156,1157,1158,1159,1160,1161,1162,1163,1164,1165,1166,1167,1168,1169,1170,1171,1172,1173,1174,1175,1176
1177,1178,1179,1180,1181,1182,1183,1184,1185,1186,1187,1188,1189,1190,1191,1192,1193,1194,1195,1196,1197
1198,1199,1200,1201,1202,1203,1204,1205,1206,1207,1208,1209,1210,1211,1212,1213,1214,1215,1216,1217,1218
1219,1220,1221,1222,1223,1224,1225,1226,1227,1228,1229,1230,1231,1232,1233,1234,1235,1236,1237,1238,1239
1240,1241,1242,1243,1244,1245,1246,1247,1248,1249,1250,1251,1252,1253,1254,1255,1256,1257,1258,1259,1260
1261,1262,1263,1264,1265,1266,1267,1268,1269,1270,1271,1272,1273,1274,1275,1276,1277,1278,1279,1280,1281
1282,1283,1284,1285,1286,1287,1288,1289,1290,1291,1292,1293,1294,1295,1296,1297,1298,1299,1300,1301,1302
1303,1304,1305,1306,1307,1308,1309,1310,1311,1312,1313,1314,1315,1316,1317,1318,1319,1320,1321,1322,1323
1324,1325,1326,1327,1328,1329,1330,1331,1332,1333,1334,1335,1336,1337,1338,1339,1340,1341,1342,1343,1344
1345,1346,1347,1348,1349,1350,1351,1352,1353,1354,1355,1356,1357,1358,1359,1360,1361,1362,1363,1364,1365
1366,1367,1368,1369,1370,1371,1372,1373,1374,1375,1376,1377,1378,1379,1380,1381,1382,1383,1384,1385,1386
1387,1388,1389,1390,1391,1392,1393,1394,1395,1396,1397,1398,1399,1400,1401,1402,1403,1404,1405,1406,1407
1408,1409,1410,1411,1412,1413,1414,1415,1416,1417,1418,1419,1420,1421,1422,1423,1424,1425,1426,1427,1428
1429,1430,1431,1432,1433,1434,1435,1436,1437,1438,1439,1440,1441,1442,1443,1444,1445,1446,1447,1448,1449
1450,1451,1452,1453,1454,1455,1456,1457,1458,1459,1460,1461,1462,1463,1464,1465,1466,1467,1468,1469,1470
1471,1472,1473,1474,1475,1476,1477,1478,1479,1480,1481,1482,1483,1484,1485,1486,1487,1488,1489,1490,1491
1492,1493,1494,1495,1496,1497,1498,1499,1500,1501,1502,1503,1504,1505,1506,1507,1508,1509,1510,1511,1512
1513,1514,1515,1516,1517,1518,1519,1520,1521,1522,1523,1524,1525,1526,1527,1528,1529,1530,1531,1532,1533
1534,1535,1536,1537,1538,1539,1540,1541,1542,1543,1544,1545,1546,1547,1548,1549,1550,1551,1552,1553,1554
1555,1556,1557,1558,1559,1560,1561,1562,1563,1564,1565,1566,1567,1568,1569,1570,1571,1572,1573,1574,1575
1576,1577,1578,1579,1580,1581,1582,1583,1584,1585,1586,1587,1588,1589,1590,1591,1592,1593,1594,1595,1596
1597,1598,1599,1600,1601,1602,1603,1604,1605,1606,1607,1608,1609,1610,1611,1612,1613,1614,1615,1616,1617
1618,1619,1620,1621,1622,1623,1624,1625,1626,1627,1628,1629,1630,1631,1632,1633,1634,1635,1636,1637,1638
1639,1640,1641,1642,1643,1644,1645,1646,1647,1648,1649,1650,1651,1652,1653,1654,1655,1656,1657,1658,1659
1660,1661,1662,1663,1664,1665,1666,1667,1668,1669,1670,1671,1672,1673,1674,1675,1676,1677,1678,1679,1680
1681,1682,1683,1684,1685,1686,1687,1688,1689,1690,1691,1692,1693,1694,1695,1696,1697,1698,1699,1700,1701
1702,1703,1704,1705,1706,1707,1708,1709,1710,1711,1712,1713,1714,1715,1716,1717,1718,1719,1720,1721,1722
1723,1724,1725,1726,1727,1728,1729,1730,1731,1732,1733,1734,1735,1736,1737,1738,1739,1740,1741,1742,1743
1744,1745,1746,1747,1748,1749,1750,1751,1752,1753,1754,1755,1756,1757,1758,1759,1760,1761,1762,1763,1764
1765,1766,1767,1768,1769,1770,1771,1772,1773,1774,1775,1776,1777,1778,1779,1780,1781,1782,1783,1784,1785
1786,1787,1788,1789,1790,1791,1792,1793,1794,1795,1796,1797,1798,1799,1800,1801,1802,1803,1804,1805,1806
1807,1808,1809,1810,1811,1812,1813,1814,1815,1816,1817,1818,1819,1820,1821,1822,1823,1824,1825,1826,1827
1828,1829,1830,1831,1832,1833,1834,1835,1836,1837,1838,1839,1840,1841,1842,1843,1844,1845,1846,1847,1848
1849,1850,1851,1852,1853,1854,1855,1856,1857,1858,1859,1860,1861,1862,1863,1864,1865,1866,1867,1868,1869
1870,1871,1872,1873,1874,1875,1876,1877,1878,1879,1880,1881,1882,1883,1884,1885,1886,1887,1888,1889,1890
1891,1892,1893,1894,1895,1896,1897,1898,1899,1900,1901,1902,1903,1904,1905,1906,1907,1908,1909,1910,1911
1912,1913,1914,1915,1916,1917,1918,1919,1920,1921,1922,1923,1924,1925,1926,1927,1928,1929,1930,1931,1932
1933,1934,1935,1936,1937,1938,1939,1940,1941,1942,1943,1944,1945,1946,1947,1948,1949,1950,1951,1952,1953
1954,1955,1956,1957,1958,1959,1960,1961,1962,1963,1964,1965,1966,1967,1968,1969,1970,1971,1972,1973,1974
1975,1976,1977,1978,1979,1980,1981,1982,1983,1984,1985,1986,1987,1988,1989,1990,1991,1992,1993,1994,1995
1996,1997,1998,1999,2000,2001,2002,2003,2004,2005,2006,2007,2008,2009,2010,2011,2012,2013,2014,2015,2016
2017,2018,2019,2020,2021,2022,2023,2024,2025,2026,2027,2028,2029,2030,2031,2032,2033,2034,2035,2036,2037
2038,2039,2040,2041,2042,2043,2044,2045,2046,2047,2048,2049,2050,2051,2052,2053,2054,2055,2056,2057,2058
2059,2060,2061,2062,2063,2064,2065,2066,2067,2068,2069,2070,2071,2072,2073,2074,2075,2076,2077,2078,2079
2080,2081,2082,2083,2084,2085,2086,2087,2088,2089,2090,2091,2092,2093,2094,2095,2096,2097,2098,2099,2100
MACHINE PREDECESSOR INFO: OPERATION, MACHINE PREDECESSOR 
1,1229
2,276
3,884
4,1656
5,2006
6,2042
7,545
8,1488
9,1752
10,2011
11,2046
12,2014
13,44
14,1698
15,2047
16,1700
17,49
18,289
19,447
20,1759
21
22,1824
23,149
24,1988
25,1299
26,296
27,298
28,300
29,1334
30,342
31,995
32,1337
33,1444
34,1445
35,1032
36,348
37,160
38,1005
39,350
40,306
41,1376
42
43,2010
44,1750
45,678
46,10
47,2053
48,1411
49,1757
50,1788
51,446
52,682
53,1413
54,19
55,687
56,291
57,72
58,452
59,1269
60,77
61,1271
62,702
63
64,1489
65,2012
66,1410
67,1261
68,679
69,1787
70,13
71,681
72,898
73,1417
74,1763
75,1421
76,691
77,900
78,1604
79,237
80,1273
81,822
82,707
83,240
84
85,864
86,603
87,1943
88,2084
89,364
90,1305
91,366
92,368
93,1306
94,1117
95,1312
96,1316
97,318
98,1952
99,377
100,262
101,1320
102,2018
103,1812
104,1131
105
106,1717
107,836
108,1199
109,1088
110,599
111,1876
112,601
113,2085
114,1115
115,1203
116,1882
117,870
118,875
119,253
120,1887
121,374
122,1913
123,881
124,1120
125,1318
126
127,1891
128,1156
129,1135
130
131,614
132,1901
133,1054
134,1168
135,1056
136,622
137,1663
138,2066
139,1391
140,1175
141,2070
142,575
143,1192
144,464
145,1148
146,579
147
148,2035
149,1329
150,1442
151,1844
152,1497
153,1499
154,26
155,1501
156,1503
157,1030
158,959
159,345
160,1004
161,388
162,800
163,926
164,802
165,801
166,804
167,806
168
169,311
170,1862
171,312
172,1044
173,1098
174,212
175,1048
176,969
177,1103
178,944
179,644
180,1730
181,816
182,1546
183,769
184,1553
185,770
186,1737
187,727
188,772
189
190,605
191,2092
192,115
193,608
194,1213
195,1884
196,1912
197,95
198,319
199,782
200,261
201,1124
202,1921
203,1810
204,268
205,267
206,737
207,792
208,2022
209,330
210
211,1382
212,1540
213,1726
214,967
215,1543
216,716
217,1728
218,643
219,1545
220,1577
221,1548
222,648
223,1580
224,1550
225,1108
226,979
227,850
228,1739
229,855
230,188
231
232,1703
233,697
234,1599
235,57
236,699
237,1705
238,901
239,1427
240,1605
241,706
242,1072
243,1074
244,1621
245,913
246,1709
247,823
248,1628
249,1083
250,1708
251,594
252
253,872
254,873
255,874
256,116
257,195
258,196
259,780
260,376
261,96
262,317
263,878
264,124
265,785
266,98
267,323
268,657
269,2019
270,1922
271,738
272,744
273
274,537
275,564
276,1482
277,1657
278,3
279,540
280,1747
281,1465
282,4
283,2007
284,1695
285,542
286,1490
287,443
288,68
289,444
290,69
291,1414
292,695
293,1791
294
295,1493
296,1494
297,337
298,150
299,382
300,1845
301,1847
302,23
303,956
304,1341
305,1342
306,385
307,998
308,38
309,163
310,805
311,1534
312,936
313,393
314,1535
315
316,256
317,1889
318,781
319,120
320,258
321,784
322,879
323,1914
324,1916
325,787
326,201
327,265
328,741
329,791
330,1813
331,271
332,1429
333,1127
334,1980
335,1820
336
337,991
338,992
339,1330
340,1496
341,25
342,953
343,1502
344,27
345,1340
346,997
347,1372
348,305
349,1003
350,1507
351,1037
352,40
353,803
354,932
355,1377
356,394
357
358,1082
359,248
360,1630
361,1568
362,1939
363,2082
364,1570
365,2083
366,111
367,1208
368,1206
369,1209
370,1310
371,191
372,1311
373,1948
374,93
375,1315
376,1951
377,257
378
379,1296
380,2036
381,1826
382,151
383,1846
384,1335
385,155
386,1448
387,303
388,999
389,925
390,36
391,164
392,1859
393,1861
394,1096
395,1863
396,171
397,1541
398,941
399
400,1172
401,1173
402,1959
403,1140
404,1187
405,1396
406,1398
407,1963
408,580
409,423
410,1066
411,1068
412,1778
413,1350
414,470
415,485
416,510
417,1783
418,1679
419,514
420
421,1061
422,1961
423,463
424,1773
425,581
426,1151
427,1069
428,1070
429,413
430,416
431,515
432,516
433,478
434,1015
435,1221
436,1019
437,481
438,1251
439,496
440,1450
441
442,285
443,1755
444,47
445,1409
446,1754
447,1263
448,2055
449,292
450,689
451,1704
452,1799
453,55
454,905
455,1802
456,902
457,703
458,78
459,1612
460,243
461,1624
462
463,1666
464,1395
465,1186
466,1400
467,506
468,1672
469,1774
470,508
471,1012
472,1676
473,511
474,1242
475,1678
476,1243
477,1014
478,1245
479,430
480,547
481,1971
482,1361
483
484,425
485,1777
486,584
487,427
488,412
489,1639
490,417
491,1354
492,1352
493,479
494,1471
495,1646
496,1648
497,1364
498,438
499,520
500,1363
501,1227
502,1231
503,1475
504
505,1670
506,1346
507,465
508,582
509,1349
510,1675
511,1241
512,1154
513,1640
514,1966
515,587
516,477
517,1642
518,1224
519,551
520,1649
521,1684
522,1453
523,555
524,1253
525
526,431
527,1970
528,1020
529,550
530,518
531,495
532,1685
533,1455
534,501
535,559
536,1232
537,1690
538,565
539,1234
540,883
541,1
542,2039
543,277
544,2040
545,281
546
547,1644
548,432
549,513
550,435
551,1647
552,1021
553,1225
554,436
555,437
556,1022
557,440
558,1474
559,500
560,1026
561,1255
562,1457
563,1454
564,533
565,1458
566,536
567
568,1137
569,129
570,1166
571,132
572,135
573,1060
574,1189
575,1766
576,1665
577,1668
578,2077
579,421
580,1769
581,145
582,1671
583,1009
584,1775
585,426
586,1964
587,475
588
589,1078
590,830
591,1712
592,1711
593,1715
594,1086
595,1937
596,1633
597,1634
598,107
599,1635
600,1938
601,363
602,1877
603,1201
604,1637
605,1636
606,113
607,868
608,92
609
610
611
612,1158
613,128
614,1159
615,1160
616,1052
617,1053
618,570
619,1956
620,133
621,2060
622,1169
623,1181
624,1958
625,1185
626,1909
627,572
628,142
629,1399
630
631,35
632,1093
633,1860
634,1006
635,165
636,1041
637,313
638,1865
639,1043
640,1538
641,758
642,939
643,354
644,760
645,971
646,1104
647,1547
648,845
649,181
650,1106
651
652,119
653,375
654,783
655,123
656,264
657,786
658,736
659,1126
660,203
661,788
662,742
663,208
664,329
665,1924
666,209
667,332
668,1977
669,1928
670,1288
671,748
672
673,1236
674,274
675,2
676,1696
677,887
678,2041
679,8
680,1786
681,445
682,15
683,893
684,17
685,1264
686,70
687,895
688,50
689,293
690,56
691,1419
692,1794
693
694,684
695,1789
696,52
697,1758
698,1266
699,1762
700,1422
701,1420
702,1272
703,1804
704,1426
705,1707
706,1706
707,1805
708,1555
709,1620
710,824
711,1274
712,460
713,1079
714
715,1101
716,759
717,1544
718,1515
719,942
720,761
721,647
722,1105
723,975
724,766
725,1734
726,848
727,1522
728,1585
729,1110
730,1589
731,1588
732,1583
733,1526
734,857
735
736,100
737,1917
738,1317
739,1919
740,2017
741,200
742,205
743,325
744,660
745,2020
746,796
747,2028
748,2026
749,1132
750,1291
751,2029
752,1834
753,334
754,947
755,988
756
757,314
758,1383
759,842
760,814
761,642
762,715
763,1102
764,815
765,645
766,180
767,1733
768,222
769,223
770,1552
771,725
772,1587
773,853
774,1738
775,1741
776,1531
777
778,1881
779,193
780,371
781,1217
782,652
783,1119
784,260
785,122
786,1118
787,1807
788,320
789,1125
790,326
791,1809
792,269
793,1811
794,272
795,102
796,2025
797,662
798
799,346
800,1002
801,1508
802,307
803,927
804,1858
805,351
806,1855
807,1038
808,963
809,392
810,633
811,965
812,934
813,1723
814,395
815,968
816,216
817,846
818,646
819
820,1267
821,1268
822,1803
823,705
824,1609
825,708
826,911
827,912
828,244
829,458
830,1626
831,914
832,1622
833,459
834,713
835,1629
836,1871
837,917
838,1874
839,597
840
841,637
842,1513
843,1100
844,1729
845,176
846,719
847,1576
848,1549
849,220
850,765
851,724
852,1582
853,1524
854,728
855,1584
856,732
857,983
858,731
859,1529
860,984
861
862,1716
863,1569
864,600
865,1571
866,1573
867,2088
868,1114
869,1207
870,90
871,2093
872,1945
873,1212
874,192
875,1214
876,1215
877,1949
878,1313
879,1314
880,259
881,197
882
883,1461
884,1694
885,2005
886,675
887,1463
888,2009
889,7
890,64
891,45
892,442
893,2050
894,287
895,1790
896,51
897,18
898,1760
899,1416
900,1603
901,1800
902,701
903
904,1797
905,1798
906,1423
907,456
908,455
909,60
910,1608
911,79
912,1073
913,1277
914,1557
915,1710
916,589
917,1081
918,1080
919,1870
920,832
921,1719
922,839
923,361
924
925,1853
926,1034
927,161
928,1506
929,1510
930,1857
931,1036
932,167
933,1094
934,631
935,808
936,1042
937,635
938,1724
939,1099
940,1384
941,173
942,1385
943,762
944,217
945
946,1981
947,1929
948,1817
949,1325
950,750
951,1294
952,1492
953,1495
954,339
955,381
956,1993
957,1333
958,994
959,33
960,1371
961,1852
962,1856
963,308
964,1511
965,1039
966
967,812
968,938
969,940
970,174
971,718
972,1516
973,175
974,1731
975,178
976,847
977,1732
978,767
979,851
980,184
981,1111
982,854
983,1112
984,1590
985,228
986,1593
987
988,2032
989,951
990,754
991,1822
992,295
993,1298
994,152
995,1500
996,301
997,302
998,1370
999,1369
1000,34
1001,1033
1002,1505
1003,304
1004,387
1005,347
1006,961
1007,1040
1008
1009,406
1010,1771
1011,1150
1012,1401
1013,1406
1014,489
1015,1784
1016,1222
1017,1353
1018,476
1019,1247
1020,1246
1021,1681
1022,527
1023,482
1024,1683
1025,439
1026,1996
1027,1249
1028,1997
1029
1030,955
1031,1504
1032,1368
1033,1447
1034,1366
1035,1854
1036,1343
1037,389
1038,1375
1039,390
1040,352
1041,964
1042,1379
1043,353
1044,1537
1045,1539
1046,638
1047,356
1048,1542
1049,213
1050
1051,1387
1052,1178
1053,1388
1054,1899
1055,1139
1056,2063
1057,1167
1058,621
1059,1906
1060,1662
1061,2067
1062,577
1063,1147
1064,405
1065,1195
1066,424
1067,1196
1068,1404
1069,469
1070,1779
1071
1072,1607
1073,1619
1074,909
1075,825
1076,709
1077,906
1078,1275
1079,1278
1080,829
1081,1627
1082,1560
1083,1933
1084,1565
1085,592
1086,1632
1087,1631
1088,593
1089,250
1090,1567
1091,360
1092
1093,930
1094,391
1095,310
1096,634
1097,1864
1098,1866
1099,169
1100,639
1101,841
1102,1727
1103,214
1104,215
1105,970
1106,973
1107,221
1108,721
1109,768
1110,183
1111,1581
1112,185
1113
1114,1942
1115,2086
1116,1574
1117,1303
1118,1883
1119,316
1120,97
1121,880
1122,198
1123,322
1124,263
1125,1920
1126,1918
1127,740
1128,793
1129,794
1130,665
1131,1828
1132,1286
1133,1287
1134
1135
1136
1137,127
1138,1161
1139
1140,2062
1141,1903
1142,1904
1143,571
1144,623
1145,136
1146,138
1147,1191
1148,404
1149,1345
1150,1347
1151,468
1152,1067
1153,1351
1154,1776
1155
1156
1157
1158
1159
1160
1161,1177
1162
1163
1164,1180
1165,611
1166,130
1167,1898
1168,1894
1169,1661
1170,1055
1171,2065
1172,1905
1173,1908
1174,1143
1175,1910
1176
1177
1178
1179,610
1180,1895
1181,1051
1182,1955
1183,1165
1184,134
1185,1902
1186,1171
1187,1392
1188,2068
1189,1145
1190,402
1191,2071
1192,1765
1193,2076
1194,1767
1195,422
1196,628
1197
1198,2080
1199,920
1200,1875
1201,838
1202,109
1203,1940
1204,1878
1205,2090
1206,114
1207,1304
1208,85
1209,87
1210,1880
1211,91
1212,2091
1213,1309
1214,2095
1215,2099
1216,1947
1217,1885
1218
1219,1677
1220,414
1221,488
1222,473
1223,1643
1224,1969
1225,1357
1226,1972
1227,519
1228,1473
1229,554
1230,523
1231,1254
1232,1686
1233,503
1234,1650
1235,2001
1236,1481
1237,538
1238,1476
1239
1240,1673
1241,1153
1242,1780
1243,428
1244,1219
1245,586
1246,585
1247,490
1248,1356
1249,517
1250,480
1251,1973
1252,1023
1253,1452
1254,556
1255,1024
1256,1456
1257,1687
1258,560
1259,1688
1260
1261,2048
1262,2052
1263,1756
1264,16
1265,683
1266,20
1267,1761
1268,1796
1269,450
1270,75
1271,1602
1272,76
1273,454
1274,1801
1275,1606
1276,241
1277,1610
1278,1556
1279,826
1280,828
1281
1282,743
1283,270
1284,1976
1285,1925
1286,1975
1287,797
1288,1815
1289,1831
1290,1979
1291,1982
1292,946
1293,671
1294,751
1295,1987
1296,1931
1297,1328
1298,1441
1299,1839
1300,1990
1301,297
1302
1303,867
1304,88
1305,1205
1306,2094
1307,2096
1308,89
1309,606
1310,1944
1311,871
1312,1210
1313,1946
1314,369
1315,255
1316,1216
1317,1950
1318,99
1319,321
1320,1121
1321,1122
1322,1808
1323
1324,1292
1325,1818
1326,1985
1327,1435
1328,2033
1329,1823
1330,1295
1331,989
1332,22
1333,1991
1334,340
1335,1446
1336,28
1337,383
1338,1498
1339,30
1340,31
1341,157
1342,156
1343,158
1344
1345,627
1346,1770
1347,144
1348,629
1349,466
1350,1010
1351,1674
1352,583
1353,1782
1354,418
1355,512
1356,419
1357,1968
1358,1018
1359,526
1360,548
1361,549
1362,528
1363,434
1364,1451
1365
1366,29
1367,384
1368,1849
1369,1850
1370,1851
1371,32
1372,1338
1373,386
1374,799
1375,1000
1376,1509
1377,929
1378,166
1379,962
1380,931
1381,1095
1382,809
1383,1097
1384,1868
1385,1047
1386
1387
1388,1136
1389,1164
1390,2061
1391,1900
1392,1664
1393,624
1394,2072
1395,2074
1396,1768
1397,574
1398,1194
1399,1193
1400,2078
1401,146
1402,1962
1403,1065
1404,507
1405,409
1406,467
1407
1408,43
1409,1753
1410,2049
1411,2051
1412,1262
1413,67
1414,2056
1415,2057
1416,696
1417,896
1418,448
1419,1702
1420,1598
1421,1600
1422,692
1423,451
1424,235
1425,58
1426,821
1427,59
1428
1429,101
1430,2023
1431,331
1432,1128
1433,1284
1434,1814
1435,104
1436,1984
1437,2030
1438,335
1439,1838
1440,753
1441,752
1442,755
1443,1842
1444,338
1445,153
1446,341
1447,957
1448,1031
1449
1450,494
1451,552
1452,529
1453,1250
1454,499
1455,498
1456,1230
1457,531
1458,1999
1459,1258
1460,1257
1461,1689
1462,566
1463,1238
1464,1235
1465,1658
1466,2002
1467,280
1468,676
1469,888
1470
1471,1223
1472,1645
1473,1360
1474,530
1475,522
1476,1998
1477,502
1478,1028
1479,534
1480,1459
1481,563
1482,1692
1483,2038
1484,1464
1485,541
1486,278
1487,1466
1488,2043
1489,1749
1490,544
1491
1492,1437
1493,1821
1494,1840
1495,1841
1496,1843
1497,24
1498,1443
1499,954
1500,1992
1501,1300
1502,299
1503,1994
1504,996
1505,1367
1506,344
1507,1001
1508,1035
1509,349
1510,37
1511,1374
1512
1513,1867
1514,211
1515,1725
1516,844
1517,1578
1518,1579
1519,219
1520,974
1521,1107
1522,976
1523,978
1524,1586
1525,182
1526,980
1527,226
1528,852
1529,1591
1530,730
1531,986
1532,229
1533
1534,1378
1535,632
1536,1007
1537,933
1538,1381
1539,355
1540,810
1541,1046
1542,1514
1543,396
1544,843
1545,398
1546,943
1547,764
1548,179
1549,1517
1550,817
1551,723
1552,1735
1553,849
1554
1555,908
1556,910
1557,83
1558,1611
1559,1077
1560,1279
1561,827
1562,461
1563,712
1564,1614
1565,1713
1566,918
1567,919
1568,1085
1569,837
1570,595
1571,922
1572,602
1573,1721
1574,365
1575
1576,1049
1577,763
1578,177
1579,218
1580,972
1581,649
1582,1551
1583,650
1584,977
1585,1521
1586,1736
1587,1520
1588,1523
1589,1109
1590,771
1591,225
1592,227
1593,186
1594,1527
1595,985
1596
1597,449
1598,1793
1599,53
1600,1795
1601,73
1602,904
1603,820
1604,236
1605,700
1606,1425
1607,62
1608,1618
1609,239
1610,81
1611,704
1612,82
1613,1276
1614,246
1615,1559
1616,1561
1617
1618,238
1619,457
1620,80
1621,907
1622,242
1623,1075
1624,245
1625,710
1626,711
1627,1613
1628,1615
1629,916
1630,1714
1631,247
1632,915
1633,1935
1634,1089
1635,1718
1636,1090
1637,362
1638
1639,1240
1640,486
1641,1965
1642,487
1643,1013
1644,1967
1645,1017
1646,1016
1647,1358
1648,1248
1649,1362
1650,497
1651,561
1652,535
1653,2000
1654,1477
1655,1256
1656,1744
1657,1480
1658,1478
1659
1660,569
1661,2059
1662,1182
1663,1170
1664,1058
1665,620
1666,1188
1667,403
1668,2073
1669,1394
1670,143
1671,1063
1672,1064
1673,408
1674,410
1675,1772
1676,1152
1677,411
1678,415
1679,1781
1680
1681,433
1682,493
1683,1359
1684,553
1685,1252
1686,1025
1687,558
1688,557
1689,1228
1690,1233
1691,1652
1692,1653
1693,562
1694,1237
1695,673
1696,1745
1697,275
1698,1469
1699,66
1700,286
1701
1702,1792
1703,1265
1704,698
1705,1597
1706,453
1707,61
1708,1270
1709,1076
1710,1558
1711,1625
1712,1623
1713,1280
1714,831
1715,1562
1716,834
1717,1616
1718,1934
1719,249
1720,1873
1721,1200
1722
1723,1536
1724,170
1725,172
1726,757
1727,937
1728,641
1729,397
1730,640
1731,717
1732,720
1733,818
1734,1519
1735,1518
1736,722
1737,224
1738,726
1739,1525
1740,981
1741,856
1742,982
1743
1744,1460
1745,1479
1746,1654
1747,1485
1748,543
1749,5
1750,283
1751,886
1752,677
1753,2045
1754,6
1755,11
1756,2013
1757,892
1758,288
1759,290
1760,685
1761,1415
1762,688
1763,1418
1764
1765,401
1766,1907
1767,2069
1768,141
1769,2075
1770,1062
1771,1669
1772,1149
1773,578
1774,1348
1775,1403
1776,1405
1777,1402
1778,1011
1779,407
1780,484
1781,471
1782,1220
1783,1641
1784,1244
1785
1786,12
1787,891
1788,1412
1789,48
1790,1699
1791,2054
1792,894
1793,686
1794,54
1795,694
1796,897
1797,71
1798,690
1799,233
1800,74
1801,1601
1802,234
1803,899
1804,1424
1805,232
1806
1807,1915
1808,199
1809,125
1810,324
1811,658
1812,659
1813,789
1814,661
1815,1926
1816,745
1817,668
1818,1930
1819,1133
1820,1983
1821,1835
1822,1978
1823,2034
1824,950
1825,1439
1826,1440
1827
1828,2024
1829,1432
1830,1285
1831,1130
1832,333
1833,747
1834,2027
1835,749
1836,1324
1837,1816
1838,1293
1839,948
1840,2031
1841,1438
1842,148
1843,380
1844,1989
1845,952
1846,1301
1847,1332
1848
1849,343
1850,1336
1851,1339
1852,154
1853,958
1854,960
1855,1373
1856,159
1857,162
1858,39
1859,928
1860,309
1861,807
1862,41
1863,1380
1864,811
1865,935
1866,636
1867,1045
1868,813
1869
1870,833
1871,1564
1872,591
1873,1566
1874,359
1875,1936
1876,251
1877,108
1878,110
1879,1202
1880,1116
1881,112
1882,869
1883,1307
1884,607
1885,370
1886,779
1887,254
1888,876
1889,877
1890
1891
1892
1893,1157
1894
1895
1896,612
1897,613
1898,1179
1899,1138
1900,615
1901,616
1902,1954
1903,131
1904,1183
1905,1957
1906,618
1907,1390
1908,2064
1909,137
1910,1144
1911
1912,373
1913,1888
1914,117
1915,653
1916,121
1917,654
1918,1319
1919,1123
1920,266
1921,656
1922,655
1923,790
1924,328
1925,2021
1926,1431
1927,1829
1928,795
1929,1433
1930,1833
1931,1832
1932
1933,590
1934,1563
1935,358
1936,835
1937,1087
1938,106
1939,1720
1940,2081
1941,923
1942,1198
1943,2087
1944,2089
1945,2097
1946,2098
1947,778
1948,94
1949,194
1950,1886
1951,118
1952,372
1953
1954,1162
1955,1896
1956,568
1957,1660
1958,1184
1959,1141
1960,140
1961,1667
1962,1146
1963,1397
1964,505
1965,509
1966,472
1967,429
1968,474
1969,491
1970,1355
1971,492
1972,1682
1973,1472
1974
1975,663
1976,664
1977,207
1978,1430
1979,1129
1980,1830
1981,666
1982,669
1983,746
1984,1289
1985,670
1986,1819
1987,1837
1988,1327
1989,1331
1990,949
1991,379
1992,1825
1993,1297
1994,993
1995
1996,1226
1997,521
1998,532
1999,1027
2000,524
2001,1651
2002,1691
2003,1655
2004,1259
2005,539
2006,1462
2007,1483
2008,674
2009,1746
2010,282
2011,284
2012,1468
2013,2044
2014,1697
2015,1467
2016
2017,1322
2018,1321
2019,739
2020,202
2021,204
2022,327
2023,206
2024,1282
2025,1283
2026,1923
2027,103
2028,667
2029,1434
2030,1290
2031,1326
2032,1836
2033,1927
2034,1436
2035,1986
2036,990
2037
2038,1693
2039,2004
2040,2003
2041,1484
2042,2008
2043,885
2044,279
2045,1486
2046,1487
2047,1748
2048,1751
2049,2015
2050,1408
2051,9
2052,889
2053,65
2054,890
2055,46
2056,14
2057,680
2058
2059,1892
2060,1893
2061,1163
2062,1897
2063,1389
2064,617
2065,619
2066,1057
2067,1142
2068,1059
2069,626
2070,625
2071,139
2072,1174
2073,1190
2074,573
2075,1960
2076,400
2077,1393
2078,576
2079
2080,1084
2081,1872
2082,862
2083,921
2084,596
2085,1091
2086,863
2087,598
2088,1572
2089,865
2090,604
2091,1941
2092,1204
2093,1879
2094,866
2095,190
2096,367
2097,86
2098,1211
2099,1308
2100