Makespan: 12067
Start: 0
End: 2101
OPERATIONS SEQUENCE: 
1,2,3,4,5,6,7,8,9,10,11,12,13,14,15,16,17,18,19,20,21
22,23,24,25,26,27,28,29,30,31,32,33,34,35,36,37,38,39,40,41,42
43,44,45,46,47,48,49,50,51,52,53,54,55,56,57,58,59,60,61,62,63
64,65,66,67,68,69,70,71,72,73,74,75,76,77,78,79,80,81,82,83,84
85,86,87,88,89,90,91,92,93,94,95,96,97,98,99,100,101,102,103,104,105
106,107,108,109,110,111,112,113,114,115,116,117,118,119,120,121,122,123,124,125,126
127,128,129,130,131,132,133,134,135,136,137,138,139,140,141,142,143,144,145,146,147
148,149,150,151,152,153,154,155,156,157,158,159,160,161,162,163,164,165,166,167,168
169,170,171,172,173,174,175,176,177,178,179,180,181,182,183,184,185,186,187,188,189
190,191,192,193,194,195,196,197,198,199,200,201,202,203,204,205,206,207,208,209,210
211,212,213,214,215,216,217,218,219,220,221,222,223,224,225,226,227,228,229,230,231
232,233,234,235,236,237,238,239,240,241,242,243,244,245,246,247,248,249,250,251,252
253,254,255,256,257,258,259,260,261,262,263,264,265,266,267,268,269,270,271,272,273
274,275,276,277,278,279,280,281,282,283,284,285,286,287,288,289,290,291,292,293,294
295,296,297,298,299,300,301,302,303,304,305,306,307,308,309,310,311,312,313,314,315
316,317,318,319,320,321,322,323,324,325,326,327,328,329,330,331,332,333,334,335,336
337,338,339,340,341,342,343,344,345,346,347,348,349,350,351,352,353,354,355,356,357
358,359,360,361,362,363,364,365,366,367,368,369,370,371,372,373,374,375,376,377,378
379,380,381,382,383,384,385,386,387,388,389,390,391,392,393,394,395,396,397,398,399
400,401,402,403,404,405,406,407,408,409,410,411,412,413,414,415,416,417,418,419,420
421,422,423,424,425,426,427,428,429,430,431,432,433,434,435,436,437,438,439,440,441
442,443,444,445,446,447,448,449,450,451,452,453,454,455,456,457,458,459,460,461,462
463,464,465,466,467,468,469,470,471,472,473,474,475,476,477,478,479,480,481,482,483
484,485,486,487,488,489,490,491,492,493,494,495,496,497,498,499,500,501,502,503,504
505,506,507,508,509,510,511,512,513,514,515,516,517,518,519,520,521,522,523,524,525
526,527,528,529,530,531,532,533,534,535,536,537,538,539,540,541,542,543,544,545,546
547,548,549,550,551,552,553,554,555,556,557,558,559,560,561,562,563,564,565,566,567
568,569,570,571,572,573,574,575,576,577,578,579,580,581,582,583,584,585,586,587,588
589,590,591,592,593,594,595,596,597,598,599,600,601,602,603,604,605,606,607,608,609
610,611,612,613,614,615,616,617,618,619,620,621,622,623,624,625,626,627,628,629,630
631,632,633,634,635,636,637,638,639,640,641,642,643,644,645,646,647,648,649,650,651
652,653,654,655,656,657,658,659,660,661,662,663,664,665,666,667,668,669,670,671,672
673,674,675,676,677,678,679,680,681,682,683,684,685,686,687,688,689,690,691,692,693
694,695,696,697,698,699,700,701,702,703,704,705,706,707,708,709,710,711,712,713,714
715,716,717,718,719,720,721,722,723,724,725,726,727,728,729,730,731,732,733,734,735
736,737,738,739,740,741,742,743,744,745,746,747,748,749,750,751,752,753,754,755,756
757,758,759,760,761,762,763,764,765,766,767,768,769,770,771,772,773,774,775,776,777
778,779,780,781,782,783,784,785,786,787,788,789,790,791,792,793,794,795,796,797,798
799,800,801,802,803,804,805,806,807,808,809,810,811,812,813,814,815,816,817,818,819
820,821,822,823,824,825,826,827,828,829,830,831,832,833,834,835,836,837,838,839,840
841,842,843,844,845,846,847,848,849,850,851,852,853,854,855,856,857,858,859,860,861
862,863,864,865,866,867,868,869,870,871,872,873,874,875,876,877,878,879,880,881,882
883,884,885,886,887,888,889,890,891,892,893,894,895,896,897,898,899,900,901,902,903
904,905,906,907,908,909,910,911,912,913,914,915,916,917,918,919,920,921,922,923,924
925,926,927,928,929,930,931,932,933,934,935,936,937,938,939,940,941,942,943,944,945
946,947,948,949,950,951,952,953,954,955,956,957,958,959,960,961,962,963,964,965,966
967,968,969,970,971,972,973,974,975,976,977,978,979,980,981,982,983,984,985,986,987
988,989,990,991,992,993,994,995,996,997,998,999,1000,1001,1002,1003,1004,1005,1006,1007,1008
1009,1010,1011,1012,1013,1014,1015,1016,1017,1018,1019,1020,1021,1022,1023,1024,1025,1026,1027,1028,1029
1030,1031,1032,1033,1034,1035,1036,1037,1038,1039,1040,1041,1042,1043,1044,1045,1046,1047,1048,1049,1050
1051,1052,1053,1054,1055,1056,1057,1058,1059,1060,1061,1062,1063,1064,1065,1066,1067,1068,1069,1070,1071
1072,1073,1074,1075,1076,1077,1078,1079,1080,1081,1082,1083,1084,1085,1086,1087,1088,1089,1090,1091,1092
1093,1094,1095,1096,1097,1098,1099,1100,1101,1102,1103,1104,1105,1106,1107,1108,1109,1110,1111,1112,1113
1114,1115,1116,1117,1118,1119,1120,1121,1122,1123,1124,1125,1126,1127,1128,1129,1130,1131,1132,1133,1134
1135,1136,1137,1138,1139,1140,1141,1142,1143,1144,1145,1146,1147,1148,1149,1150,1151,1152,1153,1154,1155
1156,1157,1158,1159,1160,1161,1162,1163,1164,1165,1166,1167,1168,1169,1170,1171,1172,1173,1174,1175,1176
1177,1178,1179,1180,1181,1182,1183,1184,1185,1186,1187,1188,1189,1190,1191,1192,1193,1194,1195,1196,1197
1198,1199,1200,1201,1202,1203,1204,1205,1206,1207,1208,1209,1210,1211,1212,1213,1214,1215,1216,1217,1218
1219,1220,1221,1222,1223,1224,1225,1226,1227,1228,1229,1230,1231,1232,1233,1234,1235,1236,1237,1238,1239
1240,1241,1242,1243,1244,1245,1246,1247,1248,1249,1250,1251,1252,1253,1254,1255,1256,1257,1258,1259,1260
1261,1262,1263,1264,1265,1266,1267,1268,1269,1270,1271,1272,1273,1274,1275,1276,1277,1278,1279,1280,1281
1282,1283,1284,1285,1286,1287,1288,1289,1290,1291,1292,1293,1294,1295,1296,1297,1298,1299,1300,1301,1302
1303,1304,1305,1306,1307,1308,1309,1310,1311,1312,1313,1314,1315,1316,1317,1318,1319,1320,1321,1322,1323
1324,1325,1326,1327,1328,1329,1330,1331,1332,1333,1334,1335,1336,1337,1338,1339,1340,1341,1342,1343,1344
1345,1346,1347,1348,1349,1350,1351,1352,1353,1354,1355,1356,1357,1358,1359,1360,1361,1362,1363,1364,1365
1366,1367,1368,1369,1370,1371,1372,1373,1374,1375,1376,1377,1378,1379,1380,1381,1382,1383,1384,1385,1386
1387,1388,1389,1390,1391,1392,1393,1394,1395,1396,1397,1398,1399,1400,1401,1402,1403,1404,1405,1406,1407
1408,1409,1410,1411,1412,1413,1414,1415,1416,1417,1418,1419,1420,1421,1422,1423,1424,1425,1426,1427,1428
1429,1430,1431,1432,1433,1434,1435,1436,1437,1438,1439,1440,1441,1442,1443,1444,1445,1446,1447,1448,1449
1450,1451,1452,1453,1454,1455,1456,1457,1458,1459,1460,1461,1462,1463,1464,1465,1466,1467,1468,1469,1470
1471,1472,1473,1474,1475,1476,1477,1478,1479,1480,1481,1482,1483,1484,1485,1486,1487,1488,1489,1490,1491
1492,1493,1494,1495,1496,1497,1498,1499,1500,1501,1502,1503,1504,1505,1506,1507,1508,1509,1510,1511,1512
1513,1514,1515,1516,1517,1518,1519,1520,1521,1522,1523,1524,1525,1526,1527,1528,1529,1530,1531,1532,1533
1534,1535,1536,1537,1538,1539,1540,1541,1542,1543,1544,1545,1546,1547,1548,1549,1550,1551,1552,1553,1554
1555,1556,1557,1558,1559,1560,1561,1562,1563,1564,1565,1566,1567,1568,1569,1570,1571,1572,1573,1574,1575
1576,1577,1578,1579,1580,1581,1582,1583,1584,1585,1586,1587,1588,1589,1590,1591,1592,1593,1594,1595,1596
1597,1598,1599,1600,1601,1602,1603,1604,1605,1606,1607,1608,1609,1610,1611,1612,1613,1614,1615,1616,1617
1618,1619,1620,1621,1622,1623,1624,1625,1626,1627,1628,1629,1630,1631,1632,1633,1634,1635,1636,1637,1638
1639,1640,1641,1642,1643,1644,1645,1646,1647,1648,1649,1650,1651,1652,1653,1654,1655,1656,1657,1658,1659
1660,1661,1662,1663,1664,1665,1666,1667,1668,1669,1670,1671,1672,1673,1674,1675,1676,1677,1678,1679,1680
1681,1682,1683,1684,1685,1686,1687,1688,1689,1690,1691,1692,1693,1694,1695,1696,1697,1698,1699,1700,1701
1702,1703,1704,1705,1706,1707,1708,1709,1710,1711,1712,1713,1714,1715,1716,1717,1718,1719,1720,1721,1722
1723,1724,1725,1726,1727,1728,1729,1730,1731,1732,1733,1734,1735,1736,1737,1738,1739,1740,1741,1742,1743
1744,1745,1746,1747,1748,1749,1750,1751,1752,1753,1754,1755,1756,1757,1758,1759,1760,1761,1762,1763,1764
1765,1766,1767,1768,1769,1770,1771,1772,1773,1774,1775,1776,1777,1778,1779,1780,1781,1782,1783,1784,1785
1786,1787,1788,1789,1790,1791,1792,1793,1794,1795,1796,1797,1798,1799,1800,1801,1802,1803,1804,1805,1806
1807,1808,1809,1810,1811,1812,1813,1814,1815,1816,1817,1818,1819,1820,1821,1822,1823,1824,1825,1826,1827
1828,1829,1830,1831,1832,1833,1834,1835,1836,1837,1838,1839,1840,1841,1842,1843,1844,1845,1846,1847,1848
1849,1850,1851,1852,1853,1854,1855,1856,1857,1858,1859,1860,1861,1862,1863,1864,1865,1866,1867,1868,1869
1870,1871,1872,1873,1874,1875,1876,1877,1878,1879,1880,1881,1882,1883,1884,1885,1886,1887,1888,1889,1890
1891,1892,1893,1894,1895,1896,1897,1898,1899,1900,1901,1902,1903,1904,1905,1906,1907,1908,1909,1910,1911
1912,1913,1914,1915,1916,1917,1918,1919,1920,1921,1922,1923,1924,1925,1926,1927,1928,1929,1930,1931,1932
1933,1934,1935,1936,1937,1938,1939,1940,1941,1942,1943,1944,1945,1946,1947,1948,1949,1950,1951,1952,1953
1954,1955,1956,1957,1958,1959,1960,1961,1962,1963,1964,1965,1966,1967,1968,1969,1970,1971,1972,1973,1974
1975,1976,1977,1978,1979,1980,1981,1982,1983,1984,1985,1986,1987,1988,1989,1990,1991,1992,1993,1994,1995
1996,1997,1998,1999,2000,2001,2002,2003,2004,2005,2006,2007,2008,2009,2010,2011,2012,2013,2014,2015,2016
2017,2018,2019,2020,2021,2022,2023,2024,2025,2026,2027,2028,2029,2030,2031,2032,2033,2034,2035,2036,2037
2038,2039,2040,2041,2042,2043,2044,2045,2046,2047,2048,2049,2050,2051,2052,2053,2054,2055,2056,2057,2058
2059,2060,2061,2062,2063,2064,2065,2066,2067,2068,2069,2070,2071,2072,2073,2074,2075,2076,2077,2078,2079
2080,2081,2082,2083,2084,2085,2086,2087,2088,2089,2090,2091,2092,2093,2094,2095,2096,2097,2098,2099,2100
MACHINE PREDECESSOR INFO: OPERATION, MACHINE PREDECESSOR 
1,296
2,978
3,272
4,1133
5,1880
6,1360
7,563
8,562
9,715
10,981
11,717
12,307
13,310
14,719
15,720
16,723
17,1396
18,724
19,726
20,727
21
22,659
23,867
24,1766
25,421
26,584
27,662
28,1767
29,1858
30,1859
31,422
32,1771
33,488
34,490
35,910
36,1805
37,1778
38,489
39,2060
40,915
41,1783
42
43,1439
44,370
45,1486
46,371
47,624
48,570
49,140
50,1789
51,1689
52,519
53,1694
54,800
55,1979
56,145
57,1700
58,586
59,485
60,804
61,665
62,806
63
64,162
65,775
66,1645
67,1646
68,1644
69,776
70,292
71,1251
72,1650
73,648
74,1346
75,1255
76,1348
77,968
78,1123
79,1126
80,1844
81,1130
82,1877
83,1
84
85,400
86,502
87,458
88,1458
89,1719
90,1084
91,173
92,999
93,1086
94,180
95,1091
96,1937
97,1939
98,1936
99,1820
100,1494
101,1576
102,1498
103,1744
104,1173
105
106,764
107,254
108,1641
109,1643
110,258
111,1740
112,290
113,1649
114,643
115,70
116,293
117,647
118,1837
119,1121
120,1349
121,268
122,1841
123,1122
124,841
125,1356
126
127,1471
128,1368
129,1366
130,612
131
132,363
133,364
134,1374
135,367
136,1370
137,388
138,1483
139,620
140,1381
141,1382
142,1791
143,1977
144,1976
145,1850
146,656
147
148,1070
149,760
150,280
151,1509
152,1141
153,1244
154,1600
155,1146
156,763
157,767
158,1601
159,1732
160,1628
161,772
162,106
163,257
164,1609
165,1647
166,1613
167,1651
168
169,2066
170,1714
171,919
172,1075
173,1083
174,1082
175,1564
176,90
177,2077
178,998
179,1933
180,923
181,1807
182,1003
183,1089
184,1157
185,1463
186,413
187,412
188,1817
189
190,7
191,6
192,1884
193,1886
194,10
195,1363
196,11
197,1388
198,2083
199,1200
200,1394
201,1414
202,598
203,239
204,18
205,17
206,1400
207,1324
208,732
209,931
210
211,1209
212,209
213,745
214,1955
215,1927
216,246
217,940
218,464
219,1031
220,1215
221,1341
222,942
223,1219
224,1034
225,888
226,890
227,1999
228,477
229,1960
230,320
231
232,1364
233,1391
234,566
235,312
236,198
237,2086
238,314
239,1202
240,1914
241,860
242,729
243,730
244,2092
245,743
246,1923
247,211
248,2099
249,1214
250,466
251,474
252
253,1735
254,159
255,773
256,287
257,1634
258,1607
259,1115
260,1249
261,1833
262,1648
263,113
264,1611
265,166
266,116
267,1839
268,1258
269,650
270,1655
271,549
272,1128
273
274,1137
275,683
276,1069
277,1723
278,758
279,759
280,684
281,710
282,1240
283,632
284,691
285,766
286,1151
287,771
288,634
289,1636
290,1830
291,110
292,1610
293,164
294
295,125
296,552
297,785
298,786
299,557
300,82
301,793
302,2
303,1882
304,852
305,8
306,984
307,1885
308,716
309,192
310,1887
311,232
312,1198
313,1889
314,1199
315
316,473
317,944
318,224
319,226
320,1012
321,1178
322,1042
323,340
324,838
325,951
326,1047
327,1045
328,1967
329,346
330,1187
331,957
332,899
333,1025
334,1191
335,1193
336
337,1036
338,476
339,478
340,894
341,1180
342,1233
343,950
344,1044
345,2005
346,1185
347,1046
348,1021
349,2008
350,330
351,959
352,963
353,1192
354,1022
355,2014
356,1026
357
358
359
360
361,1429
362,127
363,505
364,382
365,130
366,613
367,1478
368,618
369,136
370,137
371,1297
372,392
373,139
374,1441
375,1440
376,514
377,394
378
379,1283
380
381,611
382,1475
383,1477
384,1683
385,1433
386,615
387,1292
388,506
389,366
390,134
391,1434
392,1438
393,1379
394,623
395,510
396,569
397,47
398,1383
399
400,992
401,503
402,993
403,459
404,87
405,175
406,1002
407,527
408,1090
409,1088
410,182
411,1098
412,1464
413,1940
414,1156
415,1941
416,1262
417,1942
418,98
419,1051
420
421,1853
422,1851
423,1800
424,663
425,1856
426,1860
427,807
428,808
429,33
430,1705
431,1773
432,1864
433,1898
434,1866
435,445
436,1993
437,1555
438,1556
439,1907
440,2068
441
442,428
443,668
444,1780
445,1901
446,1865
447,1992
448,1867
449,1451
450,40
451,1905
452,437
453,1710
454,1711
455,1454
456,1559
457,1713
458,1079
459,1077
460,1081
461,401
462
463,245
464,935
465,248
466,746
467,1930
468,217
469,748
470,1338
471,1009
472,220
473,1010
474,1223
475,752
476,830
477,826
478,833
479,1039
480,1231
481,343
482,1235
483
484,26
485,25
486,27
487,28
488,905
489,1983
490,1984
491,878
492,670
493,1990
494,816
495,1708
496,1902
497,436
498,448
499,438
500,449
501,1910
502,1074
503,1562
504
505
506,1286
507,1288
508,383
509,1289
510,1534
511,1684
512,1296
513,1535
514,390
515,1538
516,622
517,45
518,1540
519,375
520,625
521,1690
522,1301
523,1545
524,53
525
526,995
527,1563
528,461
529,177
530,1566
531,93
532,406
533,184
534,1006
535,2017
536,414
537,1574
538,2018
539,1162
540,1818
541,1469
542,1573
543,1165
544,1518
545,1819
546
547,969
548,1842
549,1354
550,1870
551,79
552,844
553,1846
554,973
555,848
556,783
557,975
558,1871
559,976
560,1131
561,791
562,980
563,1881
564,1409
565,983
566,718
567
568,372
569,1536
570,376
571,516
572,1299
573,1688
574,518
575,520
576,49
577,397
578,862
579,1792
580,864
581,523
582,1978
583,144
584,870
585,1798
586,1855
587,1699
588
589,1362
590,982
591,304
592,1410
593,1888
594,1412
595,2084
596,311
597,233
598,1397
599,313
600,1398
601,20
602,1418
603,728
604,1205
605,2090
606,929
607,1327
608,742
609
610,1472
611,1284
612
613,1476
614,361
615,1682
616,1375
617,384
618,1285
619,1291
620,1376
621,509
622,1294
623,513
624,515
625,1442
626,572
627,573
628,1691
629,1692
630
631,2035
632,762
633,1621
634,1761
635,1147
636,1632
637,1631
638,1640
639,1114
640,1741
641,1637
642,260
643,261
644,163
645,1835
646,1117
647,71
648,1119
649,1254
650,1616
651
652,1790
653,1544
654,1384
655,578
656,1385
657,579
658,581
659,1795
660,1794
661,868
662,803
663,1981
664,587
665,871
666,906
667,62
668,805
669,809
670,35
671,1775
672
673,2025
674,1060
675,2026
676,1529
677,1662
678,2052
679,1135
680,2050
681,1587
682,2030
683,1503
684,1666
685,1665
686,1590
687,1755
688,1507
689,1618
690,2033
691,631
692,1676
693
694,543
695,1520
696,1824
697,1105
698,1168
699,1274
700,1499
701,1745
702,1500
703,1748
704,1174
705,675
706,1531
707,2029
708,1589
709,1668
710,2032
711,1140
712,1756
713,686
714
715,857
716,1875
717,855
718,1390
719,193
720,592
721,13
722,195
723,595
724,1411
725,238
726,199
727,1399
728,1416
729,600
730,1325
731,2091
732,1419
733,1421
734,739
735
736,1415
737,927
738,1326
739,602
740,1203
741,206
742,207
743,1918
744,1207
745,932
746,1336
747,1427
748,1032
749,1216
750,218
751,1220
752,822
753,886
754,1343
755,222
756
757,1753
758,1504
759,708
760,1591
761,276
762,689
763,1673
764,282
765,1729
766,153
767,1678
768,1603
769,154
770,1731
771,1629
772,1734
773,286
774,635
775,160
776,288
777
778,1614
779,73
780,267
781,1259
782,1124
783,845
784,1355
785,971
786,553
787,295
788,1129
789,977
790,554
791,1358
792,559
793,1359
794,560
795,299
796,83
797,1387
798
799,1447
800,141
801,654
802,660
803,1852
804,146
805,24
806,487
807,1802
808,1861
809,1772
810,1803
811,908
812,1770
813,429
814,1892
815,1894
816,1774
817,1777
818,671
819
820,2098
821,1954
822,884
823,885
824,750
825,1958
826,1222
827,250
828,223
829,1225
830,225
831,317
832,754
833,1228
834,319
835,891
836,1014
837,1229
838,479
839,1307
840
841,75
842,1656
843,779
844,1351
845,1843
846,972
847,1845
848,784
849,551
850,297
851,788
852,794
853,4
854,790
855,795
856,1883
857,1408
858,191
859,305
860,14
861
862,1543
863,398
864,628
865,574
866,1975
867,524
868,582
869,657
870,1980
871,1797
872,802
873,1799
874,1982
875,424
876,60
877,1553
878,810
879,425
880,34
881,812
882
883,1405
884,1333
885,747
886,821
887,221
888,1342
889,471
890,941
891,943
892,1226
893,1037
894,1011
895,228
896,1015
897,324
898,345
899,1189
900,349
901,348
902,1972
903
904,1765
905,57
906,58
907,1703
908,875
909,427
910,426
911,1804
912,881
913,818
914,1782
915,493
916,2062
917,39
918,1904
919,435
920,499
921,2067
922,88
923,2076
924
925,722
926,1912
927,202
928,1916
929,204
930,740
931,243
932,1331
933,607
934,1211
935,1922
936,1425
937,1334
938,1924
939,820
940,1956
941,465
942,470
943,469
944,472
945
946,338
947,229
948,895
949,1306
950,322
951,1182
952,2003
953,1017
954,1236
955,1965
956,896
957,1049
958,347
959,1020
960,329
961,482
962,1184
963,1238
964,350
965,1190
966
967,265
968,1836
969,1657
970,843
971,1350
972,548
973,1127
974,1874
975,1873
976,1847
977,849
978,1878
979,81
980,1876
981,300
982,853
983,797
984,561
985,796
986,858
987
988,1073
989,41
990,1558
991,1453
992,454
993,1076
994,451
995,1459
996,2072
997,1717
998,1718
999,1085
1000,404
1001,2074
1002,91
1003,1460
1004,2078
1005,1096
1006,1809
1007,409
1008
1009,749
1010,219
1011,825
1012,1227
1013,1305
1014,251
1015,339
1016,1961
1017,342
1018,1234
1019,1312
1020,897
1021,1316
1022,1318
1023,1319
1024,898
1025,1970
1026,2007
1027,353
1028,2013
1029
1030,463
1031,1337
1032,1929
1033,216
1034,467
1035,889
1036,827
1037,755
1038,1959
1039,1303
1040,892
1041,834
1042,1179
1043,1232
1044,2002
1045,1964
1046,1183
1047,1018
1048,952
1049,1313
1050
1051,1099
1052,538
1053,540
1054,542
1055,1102
1056,1947
1057,1948
1058,1273
1059,1275
1060,1950
1061,104
1062,700
1063,699
1064,1112
1065,2046
1066,703
1067,1747
1068,706
1069,679
1070,1505
1071
1072,496
1073,2063
1074,1452
1075,453
1076,1561
1077,169
1078,501
1079,439
1080,1456
1081,2069
1082,2071
1083,457
1084,994
1085,1716
1086,1721
1087,178
1088,179
1089,1462
1090,530
1091,1935
1092
1093,997
1094,174
1095,1000
1096,1565
1097,92
1098,1568
1099,95
1100,1465
1101,416
1102,1943
1103,1266
1104,1521
1105,99
1106,1823
1107,1272
1108,1171
1109,1059
1110,2044
1111,2040
1112,701
1113
1114,1633
1115,1737
1116,1608
1117,65
1118,291
1119,112
1120,1345
1121,642
1122,1256
1123,266
1124,74
1125,1352
1126,1353
1127,76
1128,842
1129,1357
1130,550
1131,974
1132,850
1133,1879
1134
1135,1584
1136,676
1137,1502
1138,678
1139,685
1140,148
1141,278
1142,2034
1143,1724
1144,281
1145,1728
1146,692
1147,1625
1148,1624
1149,284
1150,1626
1151,1604
1152,1736
1153,158
1154,256
1155
1156,1005
1157,1004
1158,1811
1159,1570
1160,183
1161,186
1162,2020
1163,1517
1164,1100
1165,1263
1166,419
1167,1822
1168,1519
1169,1945
1170,1523
1171,1057
1172,1577
1173,2042
1174,1825
1175,702
1176
1177,316
1178,832
1179,2000
1180,835
1181,1308
1182,837
1183,1309
1184,1043
1185,2001
1186,1315
1187,1019
1188,1969
1189,1237
1190,1317
1191,1024
1192,331
1193,1322
1194,2012
1195,1321
1196,2011
1197
1198,986
1199,197
1200,2085
1201,12
1202,15
1203,201
1204,601
1205,1401
1206,242
1207,606
1208,2093
1209,1423
1210,244
1211,1920
1212,1332
1213,212
1214,214
1215,1426
1216,215
1217,1925
1218
1219,1339
1220,1340
1221,468
1222,1217
1223,887
1224,823
1225,1035
1226,824
1227,475
1228,1038
1229,893
1230,1177
1231,227
1232,1013
1233,1041
1234,946
1235,323
1236,1311
1237,1310
1238,1186
1239
1240,1759
1241,150
1242,1758
1243,1675
1244,1511
1245,283
1246,1605
1247,769
1248,768
1249,1153
1250,1642
1251,1606
1252,1118
1253,115
1254,165
1255,1120
1256,1654
1257,1615
1258,646
1259,263
1260
1261,1813
1262,535
1263,1516
1264,187
1265,539
1266,541
1267,188
1268,1164
1269,1053
1270,1054
1271,1167
1272,1493
1273,2024
1274,1106
1275,1169
1276,2038
1277,1525
1278,1581
1279,1951
1280,1746
1281
1282
1283
1284,359
1285
1286,1430
1287,1473
1288,1431
1289,129
1290,1372
1291,508
1292,616
1293,1481
1294,133
1295,1377
1296,389
1297,385
1298,1380
1299,393
1300,377
1301,396
1302
1303,751
1304,829
1305,831
1306,828
1307,1230
1308,948
1309,230
1310,947
1311,341
1312,1962
1313,480
1314,953
1315,2004
1316,1048
1317,328
1318,1968
1319,1966
1320,961
1321,2009
1322,956
1323
1324,240
1325,1913
1326,203
1327,736
1328,1420
1329,1402
1330,731
1331,1919
1332,734
1333,1403
1334,1424
1335,934
1336,936
1337,1921
1338,1928
1339,1030
1340,249
1341,1931
1342,1957
1343,1221
1344
1345,1612
1346,641
1347,1834
1348,264
1349,778
1350,118
1351,1838
1352,1257
1353,167
1354,970
1355,122
1356,269
1357,77
1358,847
1359,80
1360,558
1361,3
1362,298
1363,302
1364,9
1365
1366
1367
1368
1369,1282
1370,379
1371,610
1372,1474
1373,381
1374,1287
1375,1479
1376,507
1377,386
1378,1480
1379,1436
1380,1484
1381,512
1382,1537
1383,517
1384,627
1385,522
1386
1387,1361
1388,5
1389,792
1390,590
1391,2081
1392,591
1393,196
1394,859
1395,593
1396,594
1397,1201
1398,1413
1399,236
1400,596
1401,1417
1402,16
1403,603
1404,241
1405,738
1406,2096
1407
1408,979
1409,851
1410,303
1411,856
1412,308
1413,194
1414,234
1415,237
1416,2089
1417,2088
1418,1915
1419,928
1420,1204
1421,597
1422,605
1423,1329
1424,1404
1425,1917
1426,608
1427,1213
1428
1429
1430
1431,380
1432,1681
1433,1371
1434,365
1435,1290
1436,362
1437,135
1438,621
1439,387
1440,138
1441,1293
1442,1485
1443,1539
1444,1541
1445,1300
1446,629
1447,863
1448,576
1449
1450,432
1451,914
1452,447
1453,495
1454,2065
1455,1908
1456,452
1457,920
1458,456
1459,440
1460,1078
1461,176
1462,1934
1463,1095
1464,1938
1465,532
1466,94
1467,1812
1468,2019
1469,415
1470
1471
1472
1473
1474,358
1475,1367
1476
1477,1432
1478,1369
1479,132
1480,131
1481,617
1482,614
1483,1295
1484,391
1485,369
1486,368
1487,511
1488,44
1489,373
1490,568
1491
1492,417
1493,1944
1494,1103
1495,2022
1496,1056
1497,1949
1498,1826
1499,1104
1500,1582
1501,1527
1502,1064
1503,1067
1504,1068
1505,1754
1506,2031
1507,277
1508,2056
1509,681
1510,713
1511,1619
1512
1513,1159
1514,533
1515,534
1516,96
1517,537
1518,1816
1519,1052
1520,1101
1521,1265
1522,545
1523,1055
1524,1578
1525,697
1526,2041
1527,1276
1528,1110
1529,2047
1530,2028
1531,2051
1532,1585
1533
1534,1435
1535,1378
1536,1685
1537,619
1538,1686
1539,1487
1540,1786
1541,571
1542,1489
1543,1787
1544,626
1545,51
1546,575
1547,1696
1548,22
1549,1849
1550,661
1551,484
1552,1801
1553,423
1554
1555,913
1556,1991
1557,2064
1558,497
1559,1072
1560,450
1561,1909
1562,1712
1563,170
1564,460
1565,2073
1566,1720
1567,89
1568,1461
1569,1087
1570,1808
1571,410
1572,1094
1573,185
1574,1261
1575
1576,1163
1577,2023
1578,696
1579,2039
1580,1058
1581,1108
1582,1952
1583,673
1584,1111
1585,1663
1586,1065
1587,2053
1588,677
1589,1530
1590,1749
1591,1667
1592,1670
1593,275
1594,709
1595,687
1596
1597,1139
1598,1671
1599,1674
1600,633
1601,1623
1602,152
1603,1763
1604,1762
1605,1149
1606,1630
1607,636
1608,1154
1609,638
1610,639
1611,1831
1612,644
1613,69
1614,66
1615,645
1616,72
1617
1618,711
1619,712
1620,1597
1621,690
1622,1143
1623,2036
1624,1598
1625,1241
1626,765
1627,1677
1628,1730
1629,1727
1630,155
1631,1733
1632,157
1633,1152
1634,1639
1635,253
1636,1739
1637,1829
1638
1639,770
1640,1150
1641,255
1642,161
1643,1738
1644,107
1645,259
1646,1635
1647,1116
1648,111
1649,1828
1650,1832
1651,114
1652,1252
1653,1253
1654,967
1655,1347
1656,1840
1657,119
1658,121
1659
1660,1109
1661,1580
1662,2048
1663,704
1664,1528
1665,1175
1666,1586
1667,2055
1668,1136
1669,274
1670,680
1671,682
1672,2057
1673,1508
1674,1142
1675,1726
1676,1725
1677,1760
1678,1145
1679,1602
1680
1681,360
1682
1683,128
1684,1373
1685,1482
1686,1437
1687,43
1688,1488
1689,1298
1690,46
1691,1788
1692,48
1693,50
1694,1793
1695,1448
1696,866
1697,1445
1698,1546
1699,143
1700,869
1701
1702,904
1703,1768
1704,486
1705,32
1706,1986
1707,669
1708,1779
1709,1781
1710,1899
1711,918
1712,989
1713,1557
1714,1455
1715,500
1716,2070
1717,1080
1718,455
1719,403
1720,996
1721,921
1722
1723,757
1724,1592
1725,1757
1726,151
1727,1510
1728,1595
1729,1242
1730,1599
1731,1144
1732,1627
1733,1679
1734,1148
1735,1246
1736,156
1737,1245
1738,774
1739,1248
1740,1247
1741,64
1742,285
1743
1744,1497
1745,2043
1746,102
1747,2045
1748,1579
1749,2049
1750,1583
1751,1063
1752,705
1753,2054
1754,1664
1755,707
1756,1138
1757,279
1758,1672
1759,1620
1760,761
1761,1622
1762,1243
1763,1594
1764
1765,658
1766,56
1767,1547
1768,23
1769,1857
1770,59
1771,1552
1772,873
1773,1704
1774,1985
1775,1862
1776,813
1777,880
1778,1706
1779,1893
1780,36
1781,1987
1782,1989
1783,2059
1784,1900
1785
1786,374
1787,1687
1788,395
1789,1444
1790,1443
1791,521
1792,1542
1793,653
1794,577
1795,1695
1796,1697
1797,1698
1798,54
1799,1549
1800,1854
1801,664
1802,29
1803,30
1804,667
1805,876
1806
1807,526
1808,1001
1809,1567
1810,405
1811,1569
1812,408
1813,1007
1814,411
1815,97
1816,1466
1817,536
1818,1468
1819,1161
1820,1160
1821,1264
1822,418
1823,1492
1824,1268
1825,1946
1826,1170
1827
1828,637
1829,108
1830,1250
1831,109
1832,1742
1833,289
1834,640
1835,68
1836,262
1837,67
1838,1652
1839,1653
1840,117
1841,649
1842,120
1843,1658
1844,547
1845,1872
1846,123
1847,124
1848
1849,1446
1850,580
1851,655
1852,55
1853,583
1854,801
1855,1796
1856,1548
1857,872
1858,1550
1859,1702
1860,874
1861,61
1862,1891
1863,811
1864,911
1865,1988
1866,814
1867,430
1868,444
1869
1870,781
1871,780
1872,78
1873,1125
1874,270
1875,271
1876,782
1877,555
1878,556
1879,787
1880,789
1881,1132
1882,846
1883,301
1884,854
1885,564
1886,2080
1887,1389
1888,2082
1889,565
1890
1891,1551
1892,907
1893,909
1894,879
1895,1863
1896,1707
1897,443
1898,817
1899,912
1900,492
1901,38
1902,37
1903,1868
1904,494
1905,916
1906,1450
1907,1994
1908,988
1909,498
1910,917
1911
1912,235
1913,1395
1914,2087
1915,200
1916,599
1917,19
1918,604
1919,1422
1920,733
1921,2094
1922,1996
1923,1330
1924,1208
1925,933
1926,1210
1927,937
1928,1997
1929,247
1930,939
1931,1406
1932
1933,2075
1934,528
1935,181
1936,529
1937,1810
1938,531
1939,1571
1940,1097
1941,1513
1942,1514
1943,407
1944,1467
1945,2021
1946,1270
1947,1267
1948,544
1949,695
1950,1524
1951,698
1952,1526
1953
1954,1335
1955,2097
1956,1926
1957,938
1958,1033
1959,1998
1960,337
1961,318
1962,1040
1963,949
1964,1181
1965,839
1966,481
1967,344
1968,325
1969,1314
1970,2006
1971,958
1972,962
1973,960
1974
1975,1490
1976,652
1977,799
1978,52
1979,865
1980,142
1981,1693
1982,585
1983,1769
1984,666
1985,31
1986,877
1987,442
1988,1776
1989,815
1990,1896
1991,1897
1992,434
1993,1903
1994,2061
1995
1996,1328
1997,2095
1998,213
1999,753
2000,1224
2001,1304
2002,836
2003,321
2004,1016
2005,1963
2006,954
2007,327
2008,955
2009,326
2010,1188
2011,1320
2012,351
2013,332
2014,902
2015,1971
2016
2017,1158
2018,1814
2019,1572
2020,1815
2021,1515
2022,694
2023,1821
2024,1522
2025,1271
2026,1278
2027,1496
2028,1061
2029,1501
2030,1066
2031,674
2032,1588
2033,1669
2034,1593
2035,149
2036,688
2037
2038,1166
2039,100
2040,1495
2041,1269
2042,1107
2043,101
2044,1172
2045,1277
2046,103
2047,2027
2048,1280
2049,1660
2050,1062
2051,1750
2052,1661
2053,1279
2054,1532
2055,1751
2056,1752
2057,1506
2058
2059,1895
2060,1709
2061,491
2062,431
2063,446
2064,433
2065,1784
2066,1906
2067,990
2068,1560
2069,991
2070,1457
2071,85
2072,171
2073,86
2074,172
2075,1715
2076,402
2077,1093
2078,922
2079
2080,589
2081,190
2082,985
2083,306
2084,309
2085,1392
2086,1393
2087,721
2088,925
2089,926
2090,725
2091,737
2092,205
2093,741
2094,930
2095,1206
2096,744
2097,208
2098,883
2099,1212
2100