Makespan: 11897
Start: 0
End: 2101
OPERATIONS SEQUENCE: 
1,2,3,4,5,6,7,8,9,10,11,12,13,14,15,16,17,18,19,20,21
22,23,24,25,26,27,28,29,30,31,32,33,34,35,36,37,38,39,40,41,42
43,44,45,46,47,48,49,50,51,52,53,54,55,56,57,58,59,60,61,62,63
64,65,66,67,68,69,70,71,72,73,74,75,76,77,78,79,80,81,82,83,84
85,86,87,88,89,90,91,92,93,94,95,96,97,98,99,100,101,102,103,104,105
106,107,108,109,110,111,112,113,114,115,116,117,118,119,120,121,122,123,124,125,126
127,128,129,130,131,132,133,134,135,136,137,138,139,140,141,142,143,144,145,146,147
148,149,150,151,152,153,154,155,156,157,158,159,160,161,162,163,164,165,166,167,168
169,170,171,172,173,174,175,176,177,178,179,180,181,182,183,184,185,186,187,188,189
190,191,192,193,194,195,196,197,198,199,200,201,202,203,204,205,206,207,208,209,210
211,212,213,214,215,216,217,218,219,220,221,222,223,224,225,226,227,228,229,230,231
232,233,234,235,236,237,238,239,240,241,242,243,244,245,246,247,248,249,250,251,252
253,254,255,256,257,258,259,260,261,262,263,264,265,266,267,268,269,270,271,272,273
274,275,276,277,278,279,280,281,282,283,284,285,286,287,288,289,290,291,292,293,294
295,296,297,298,299,300,301,302,303,304,305,306,307,308,309,310,311,312,313,314,315
316,317,318,319,320,321,322,323,324,325,326,327,328,329,330,331,332,333,334,335,336
337,338,339,340,341,342,343,344,345,346,347,348,349,350,351,352,353,354,355,356,357
358,359,360,361,362,363,364,365,366,367,368,369,370,371,372,373,374,375,376,377,378
379,380,381,382,383,384,385,386,387,388,389,390,391,392,393,394,395,396,397,398,399
400,401,402,403,404,405,406,407,408,409,410,411,412,413,414,415,416,417,418,419,420
421,422,423,424,425,426,427,428,429,430,431,432,433,434,435,436,437,438,439,440,441
442,443,444,445,446,447,448,449,450,451,452,453,454,455,456,457,458,459,460,461,462
463,464,465,466,467,468,469,470,471,472,473,474,475,476,477,478,479,480,481,482,483
484,485,486,487,488,489,490,491,492,493,494,495,496,497,498,499,500,501,502,503,504
505,506,507,508,509,510,511,512,513,514,515,516,517,518,519,520,521,522,523,524,525
526,527,528,529,530,531,532,533,534,535,536,537,538,539,540,541,542,543,544,545,546
547,548,549,550,551,552,553,554,555,556,557,558,559,560,561,562,563,564,565,566,567
568,569,570,571,572,573,574,575,576,577,578,579,580,581,582,583,584,585,586,587,588
589,590,591,592,593,594,595,596,597,598,599,600,601,602,603,604,605,606,607,608,609
610,611,612,613,614,615,616,617,618,619,620,621,622,623,624,625,626,627,628,629,630
631,632,633,634,635,636,637,638,639,640,641,642,643,644,645,646,647,648,649,650,651
652,653,654,655,656,657,658,659,660,661,662,663,664,665,666,667,668,669,670,671,672
673,674,675,676,677,678,679,680,681,682,683,684,685,686,687,688,689,690,691,692,693
694,695,696,697,698,699,700,701,702,703,704,705,706,707,708,709,710,711,712,713,714
715,716,717,718,719,720,721,722,723,724,725,726,727,728,729,730,731,732,733,734,735
736,737,738,739,740,741,742,743,744,745,746,747,748,749,750,751,752,753,754,755,756
757,758,759,760,761,762,763,764,765,766,767,768,769,770,771,772,773,774,775,776,777
778,779,780,781,782,783,784,785,786,787,788,789,790,791,792,793,794,795,796,797,798
799,800,801,802,803,804,805,806,807,808,809,810,811,812,813,814,815,816,817,818,819
820,821,822,823,824,825,826,827,828,829,830,831,832,833,834,835,836,837,838,839,840
841,842,843,844,845,846,847,848,849,850,851,852,853,854,855,856,857,858,859,860,861
862,863,864,865,866,867,868,869,870,871,872,873,874,875,876,877,878,879,880,881,882
883,884,885,886,887,888,889,890,891,892,893,894,895,896,897,898,899,900,901,902,903
904,905,906,907,908,909,910,911,912,913,914,915,916,917,918,919,920,921,922,923,924
925,926,927,928,929,930,931,932,933,934,935,936,937,938,939,940,941,942,943,944,945
946,947,948,949,950,951,952,953,954,955,956,957,958,959,960,961,962,963,964,965,966
967,968,969,970,971,972,973,974,975,976,977,978,979,980,981,982,983,984,985,986,987
988,989,990,991,992,993,994,995,996,997,998,999,1000,1001,1002,1003,1004,1005,1006,1007,1008
1009,1010,1011,1012,1013,1014,1015,1016,1017,1018,1019,1020,1021,1022,1023,1024,1025,1026,1027,1028,1029
1030,1031,1032,1033,1034,1035,1036,1037,1038,1039,1040,1041,1042,1043,1044,1045,1046,1047,1048,1049,1050
1051,1052,1053,1054,1055,1056,1057,1058,1059,1060,1061,1062,1063,1064,1065,1066,1067,1068,1069,1070,1071
1072,1073,1074,1075,1076,1077,1078,1079,1080,1081,1082,1083,1084,1085,1086,1087,1088,1089,1090,1091,1092
1093,1094,1095,1096,1097,1098,1099,1100,1101,1102,1103,1104,1105,1106,1107,1108,1109,1110,1111,1112,1113
1114,1115,1116,1117,1118,1119,1120,1121,1122,1123,1124,1125,1126,1127,1128,1129,1130,1131,1132,1133,1134
1135,1136,1137,1138,1139,1140,1141,1142,1143,1144,1145,1146,1147,1148,1149,1150,1151,1152,1153,1154,1155
1156,1157,1158,1159,1160,1161,1162,1163,1164,1165,1166,1167,1168,1169,1170,1171,1172,1173,1174,1175,1176
1177,1178,1179,1180,1181,1182,1183,1184,1185,1186,1187,1188,1189,1190,1191,1192,1193,1194,1195,1196,1197
1198,1199,1200,1201,1202,1203,1204,1205,1206,1207,1208,1209,1210,1211,1212,1213,1214,1215,1216,1217,1218
1219,1220,1221,1222,1223,1224,1225,1226,1227,1228,1229,1230,1231,1232,1233,1234,1235,1236,1237,1238,1239
1240,1241,1242,1243,1244,1245,1246,1247,1248,1249,1250,1251,1252,1253,1254,1255,1256,1257,1258,1259,1260
1261,1262,1263,1264,1265,1266,1267,1268,1269,1270,1271,1272,1273,1274,1275,1276,1277,1278,1279,1280,1281
1282,1283,1284,1285,1286,1287,1288,1289,1290,1291,1292,1293,1294,1295,1296,1297,1298,1299,1300,1301,1302
1303,1304,1305,1306,1307,1308,1309,1310,1311,1312,1313,1314,1315,1316,1317,1318,1319,1320,1321,1322,1323
1324,1325,1326,1327,1328,1329,1330,1331,1332,1333,1334,1335,1336,1337,1338,1339,1340,1341,1342,1343,1344
1345,1346,1347,1348,1349,1350,1351,1352,1353,1354,1355,1356,1357,1358,1359,1360,1361,1362,1363,1364,1365
1366,1367,1368,1369,1370,1371,1372,1373,1374,1375,1376,1377,1378,1379,1380,1381,1382,1383,1384,1385,1386
1387,1388,1389,1390,1391,1392,1393,1394,1395,1396,1397,1398,1399,1400,1401,1402,1403,1404,1405,1406,1407
1408,1409,1410,1411,1412,1413,1414,1415,1416,1417,1418,1419,1420,1421,1422,1423,1424,1425,1426,1427,1428
1429,1430,1431,1432,1433,1434,1435,1436,1437,1438,1439,1440,1441,1442,1443,1444,1445,1446,1447,1448,1449
1450,1451,1452,1453,1454,1455,1456,1457,1458,1459,1460,1461,1462,1463,1464,1465,1466,1467,1468,1469,1470
1471,1472,1473,1474,1475,1476,1477,1478,1479,1480,1481,1482,1483,1484,1485,1486,1487,1488,1489,1490,1491
1492,1493,1494,1495,1496,1497,1498,1499,1500,1501,1502,1503,1504,1505,1506,1507,1508,1509,1510,1511,1512
1513,1514,1515,1516,1517,1518,1519,1520,1521,1522,1523,1524,1525,1526,1527,1528,1529,1530,1531,1532,1533
1534,1535,1536,1537,1538,1539,1540,1541,1542,1543,1544,1545,1546,1547,1548,1549,1550,1551,1552,1553,1554
1555,1556,1557,1558,1559,1560,1561,1562,1563,1564,1565,1566,1567,1568,1569,1570,1571,1572,1573,1574,1575
1576,1577,1578,1579,1580,1581,1582,1583,1584,1585,1586,1587,1588,1589,1590,1591,1592,1593,1594,1595,1596
1597,1598,1599,1600,1601,1602,1603,1604,1605,1606,1607,1608,1609,1610,1611,1612,1613,1614,1615,1616,1617
1618,1619,1620,1621,1622,1623,1624,1625,1626,1627,1628,1629,1630,1631,1632,1633,1634,1635,1636,1637,1638
1639,1640,1641,1642,1643,1644,1645,1646,1647,1648,1649,1650,1651,1652,1653,1654,1655,1656,1657,1658,1659
1660,1661,1662,1663,1664,1665,1666,1667,1668,1669,1670,1671,1672,1673,1674,1675,1676,1677,1678,1679,1680
1681,1682,1683,1684,1685,1686,1687,1688,1689,1690,1691,1692,1693,1694,1695,1696,1697,1698,1699,1700,1701
1702,1703,1704,1705,1706,1707,1708,1709,1710,1711,1712,1713,1714,1715,1716,1717,1718,1719,1720,1721,1722
1723,1724,1725,1726,1727,1728,1729,1730,1731,1732,1733,1734,1735,1736,1737,1738,1739,1740,1741,1742,1743
1744,1745,1746,1747,1748,1749,1750,1751,1752,1753,1754,1755,1756,1757,1758,1759,1760,1761,1762,1763,1764
1765,1766,1767,1768,1769,1770,1771,1772,1773,1774,1775,1776,1777,1778,1779,1780,1781,1782,1783,1784,1785
1786,1787,1788,1789,1790,1791,1792,1793,1794,1795,1796,1797,1798,1799,1800,1801,1802,1803,1804,1805,1806
1807,1808,1809,1810,1811,1812,1813,1814,1815,1816,1817,1818,1819,1820,1821,1822,1823,1824,1825,1826,1827
1828,1829,1830,1831,1832,1833,1834,1835,1836,1837,1838,1839,1840,1841,1842,1843,1844,1845,1846,1847,1848
1849,1850,1851,1852,1853,1854,1855,1856,1857,1858,1859,1860,1861,1862,1863,1864,1865,1866,1867,1868,1869
1870,1871,1872,1873,1874,1875,1876,1877,1878,1879,1880,1881,1882,1883,1884,1885,1886,1887,1888,1889,1890
1891,1892,1893,1894,1895,1896,1897,1898,1899,1900,1901,1902,1903,1904,1905,1906,1907,1908,1909,1910,1911
1912,1913,1914,1915,1916,1917,1918,1919,1920,1921,1922,1923,1924,1925,1926,1927,1928,1929,1930,1931,1932
1933,1934,1935,1936,1937,1938,1939,1940,1941,1942,1943,1944,1945,1946,1947,1948,1949,1950,1951,1952,1953
1954,1955,1956,1957,1958,1959,1960,1961,1962,1963,1964,1965,1966,1967,1968,1969,1970,1971,1972,1973,1974
1975,1976,1977,1978,1979,1980,1981,1982,1983,1984,1985,1986,1987,1988,1989,1990,1991,1992,1993,1994,1995
1996,1997,1998,1999,2000,2001,2002,2003,2004,2005,2006,2007,2008,2009,2010,2011,2012,2013,2014,2015,2016
2017,2018,2019,2020,2021,2022,2023,2024,2025,2026,2027,2028,2029,2030,2031,2032,2033,2034,2035,2036,2037
2038,2039,2040,2041,2042,2043,2044,2045,2046,2047,2048,2049,2050,2051,2052,2053,2054,2055,2056,2057,2058
2059,2060,2061,2062,2063,2064,2065,2066,2067,2068,2069,2070,2071,2072,2073,2074,2075,2076,2077,2078,2079
2080,2081,2082,2083,2084,2085,2086,2087,2088,2089,2090,2091,2092,2093,2094,2095,2096,2097,2098,2099,2100
MACHINE PREDECESSOR INFO: OPERATION, MACHINE PREDECESSOR 
1,1820
2,249
3,1601
4,250
5,1602
6,1116
7,1168
8,1644
9,956
10,1610
11,564
12,1608
13,1954
14,1615
15,65
16,340
17,1657
18,1474
19,1502
20,1658
21
22,2042
23,1907
24,2043
25,313
26,820
27,157
28,1751
29,2050
30,2017
31,163
32,683
33,2053
34,166
35,2060
36,480
37,2056
38,1016
39,1354
40,2070
41,1358
42
43,811
44,1509
45,1408
46,351
47,1413
48,403
49,1973
50,1584
51,1917
52,1419
53,355
54,80
55,1727
56,1920
57,1035
58,1593
59,759
60,1041
61,1731
62,255
63
64,1605
65,1320
66,1497
67,1128
68,486
69,14
70,1130
71,925
72,1536
73,1508
74,812
75,43
76,1543
77,814
78,817
79,1913
80,1726
81,49
82,1921
83,942
84
85,1243
86,745
87,749
88,1519
89,751
90,1111
91,1262
92,1263
93,1265
94,1253
95,1252
96,649
97,468
98,1672
99,1674
100,1271
101,295
102,1898
103,1270
104,1939
105
106,1102
107,435
108,895
109,1435
110,740
111,1106
112,636
113,1334
114,1437
115,439
116,1439
117,1467
118,1441
119,643
120,641
121,1520
122,1521
123,90
124,1251
125,1892
126
127,1567
128,1388
129,1291
130,269
131,904
132,1391
133,699
134,1051
135,704
136,910
137,1398
138,532
139,1400
140,1062
141,917
142,422
143,885
144,1773
145,1325
146,1069
147
148,1901
149,305
150,1369
151,324
152,2038
153,1370
154,1909
155,1900
156,1910
157,1947
158,1372
159,326
160,330
161,331
162,680
163,1952
164,475
165,1758
166,1757
167,2054
168
169,1546
170,1411
171,1414
172,1969
173,937
174,1919
175,941
176,54
177,1729
178,83
179,1589
180,1728
181,1924
182,1039
183,1681
184,1042
185,415
186,768
187,1205
188,1689
189
190,845
191,574
192,1144
193,1147
194,1146
195,1861
196,1145
197,1872
198,225
199,1086
200,1715
201,2090
202,968
203,1619
204,1623
205,778
206,977
207,555
208,1632
209,1597
210
211
212
213
214,844
215,450
216,442
217,572
218,1706
219,575
220,1079
221,383
222,1860
223,193
224,385
225,386
226,1710
227,195
228,457
229,2087
230,200
231
232,547
233,1882
234,863
235,549
236,779
237,1807
238,781
239,975
240,976
241,553
242,397
243,1813
244,717
245,719
246,1307
247,980
248,1819
249,875
250,951
251,1159
252
253,178
254,181
255,1925
256,414
257,1045
258,764
259,1683
260,766
261,993
262,1691
263,1740
264,1209
265,1988
266,1234
267,1990
268,1283
269,1285
270,656
271,1992
272,1286
273
274,912
275,665
276,1396
277,1059
278,137
279,1399
280,708
281,371
282,915
283,536
284,425
285,1456
286,1095
287,1778
288,427
289,1328
290,1066
291,1098
292,432
293,1831
294
295,753
296,124
297,464
298,1268
299,1255
300,1254
301,99
302,1936
303,1938
304,1257
305,103
306,1941
307,104
308,148
309,1275
310,1905
311,674
312,22
313,1750
314,2044
315
316,648
317,1896
318,97
319,100
320,1899
321,101
322,1274
323,1940
324,306
325,149
326,1276
327,1277
328,1945
329,675
330,2046
331,1376
332,26
333,24
334,1374
335,31
336
337,731
338,565
339,1612
340,1173
341,803
342,964
343,70
344,18
345,1958
346,1793
347,1959
348,1483
349,1534
350,1964
351,1540
352,498
353,1506
354,1914
355,400
356,939
357
358,1287
359,1289
360,698
361,1390
362,606
363,659
364,907
365,528
366,1571
367,664
368,913
369,1057
370,533
371,534
372,1770
373,883
374,1779
375,1457
376,893
377,1460
378
379,451
380,848
381,453
382,571
383,191
384,851
385,1148
386,456
387,2083
388,582
389,860
390,1717
391,970
392,1090
393,1622
394,1180
395,204
396,1886
397,1624
398,1627
399
400,169
401,1804
402,935
403,1971
404,1415
405,1549
406,1553
407,1420
408,1586
409,1585
410,180
411,1976
412,1977
413,1594
414,988
415,1682
416,1979
417,1202
418,258
419,765
420
421,139
422,1065
423,1771
424,711
425,1453
426,923
427,1775
428,1068
429,889
430,1830
431,1429
432,542
433,1100
434,1329
435,376
436,896
437,1331
438,1837
439,1241
440,628
441
442
443
444
445
446
447
448,569
449,1850
450,570
451,842
452,214
453,1870
454,1076
455,1871
456,850
457,1143
458,1867
459,1712
460,1087
461,859
462
463,754
464,121
465,1267
466,1893
467,1671
468,298
469,1897
470,301
471,321
472,1678
473,322
474,1748
475,677
476,161
477,684
478,165
479,1759
480,1011
481,34
482,1998
483
484,734
485,1786
486,1955
487,1499
488,16
489,341
490,1790
491,1131
492,1501
493,1505
494,1962
495,1487
496,349
497,1541
498,1968
499,934
500,44
501,1548
502,402
503,1032
504
505,1923
506,758
507,1040
508,1590
509,412
510,1199
511,1046
512,1733
513,763
514,257
515,767
516,1984
517,997
518,1208
519,1742
520,263
521,599
522,1562
523,1991
524,1696
525
526,271
527,1293
528,607
529,1393
530,662
531,1765
532,1298
533,276
534,663
535,668
536,671
537,1451
538,613
539,884
540,1454
541,615
542,1828
543,374
544,1829
545,286
546
547,584
548,1719
549,2091
550,392
551,236
552,782
553,715
554,205
555,242
556,245
557,785
558,208
559,787
560,1600
561,1115
562,789
563,1118
564,791
565,1318
566,1125
567
568
569,211
570,1139
571,1135
572,449
573,1856
574,1702
575,1857
576,1858
577,853
578,2082
579,1865
580,1866
581,1711
582,967
583,1878
584,1618
585,387
586,1621
587,1178
588
589,944
590,1043
591,1927
592,184
593,60
594,417
595,1738
596,1001
597,1225
598,771
599,1210
600,265
601,1005
602,522
603,654
604,358
605,1568
606,906
607,131
608,1394
609
610,1055
611,275
612,370
613,669
614,920
615,1406
616,539
617,1455
618,1776
619,285
620,288
621,1099
622,892
623,1432
624,1461
625,897
626,1104
627,741
628,111
629,110
630
631,618
632,431
633,621
634,1430
635,623
636,900
637,1835
638,109
639,1513
640,1839
641,1440
642,1514
643,1661
644,1840
645,1445
646,1448
647,1845
648,1844
649,122
650,93
651
652,1007
653,776
654,1284
655,1699
656,127
657,1389
658,360
659,700
660,130
661,909
662,1295
663,1056
664,911
665,1395
666,529
667,274
668,135
669,278
670,138
671,1064
672
673,1906
674,2039
675,309
676,1371
677,1373
678,312
679,25
680,1754
681,1755
682,2018
683,1756
684,2052
685,30
686,1380
687,2067
688,1018
689,1357
690,1020
691,1359
692,836
693
694,1694
695,1003
696,1235
697,1214
698,1563
699,604
700,1217
701,1292
702,129
703,1052
704,1054
705,1573
706,366
707,661
708,1767
709,277
710,369
711,279
712,919
713,283
714
715,1887
716,396
717,1889
718,238
719,869
720,1629
721,1303
722,207
723,557
724,880
725,1310
726,1821
727,878
728,1312
729,1822
730,1604
731,1167
732,1826
733,1651
734,1321
735
736,632
737,1431
738,634
739,898
740,1436
741,901
742,1465
743,626
744,624
745,1838
746,440
747,1245
748,1442
749,1246
750,1516
751,1343
752,1665
753,1264
754,1846
755,91
756
757,1591
758,1592
759,409
760,1424
761,411
762,182
763,1427
764,1200
765,1223
766,992
767,593
768,1736
769,592
770,1982
771,261
772,1986
773,1692
774,1230
775,999
776,1004
777
778,586
779,1091
780,1721
781,2097
782,973
783,866
784,1888
785,871
786,949
787,1160
788,1161
789,1164
790,1313
791,1165
792,1825
793,1607
794,6
795,1494
796,1613
797,1319
798
799,1496
800,566
801,1498
802,484
803,66
804,962
805,15
806,1616
807,1791
808,344
809,1576
810,1960
811,348
812,1542
813,1485
814,1581
815,1488
816,45
817,497
818,353
819
820,1946
821,327
822,328
823,2047
824,679
825,2062
826,333
827,334
828,2020
829,1997
830,477
831,2069
832,1351
833,2001
834,2073
835,2007
836,41
837,690
838,1026
839,2002
840
841,1853
842,212
843,1138
844
845,446
846,1136
847,1704
848,1140
849,1142
850,2080
851,1081
852,382
853,1080
854,1708
855,1873
856,576
857,197
858,459
859,1085
860,1713
861
862,1879
863,583
864,388
865,2095
866,232
867,1720
868,1183
869,1810
870,716
871,1186
872,239
873,1814
874,718
875,981
876,1816
877,1304
878,1189
879,1156
880,248
881,1634
882
883,141
884,1452
885,424
886,922
887,712
888,1067
889,1324
890,426
891,287
892,543
893,619
894,292
895,1459
896,377
897,1330
898,106
899,1433
900,1782
901,1833
902,1332
903
904,653
905,1700
906,1238
907,657
908,1290
909,272
910,1294
911,128
912,703
913,1297
914,666
915,1768
916,1397
917,1450
918,531
919,612
920,535
921,421
922,1402
923,372
924
925,1475
926,965
927,1792
928,807
929,1797
930,1578
931,493
932,1507
933,495
934,1800
935,1511
936,170
937,401
938,1916
939,48
940,50
941,1588
942,405
943,174
944,53
945
946,241
947,244
948,1628
949,1631
950,1817
951,1633
952,725
953,1637
954,1158
955,1824
956,1646
957,1196
958,562
959,1603
960,792
961,1121
962,1122
963,1788
964,802
965,68
966
967,228
968,2086
969,2088
970,1154
971,389
972,1808
973,2096
974,2098
975,1182
976,868
977,1812
978,783
979,784
980,1811
981,720
982,1305
983,948
984,877
985,722
986,1157
987
988,1978
989,254
990,1928
991,62
992,183
993,1203
994,185
995,1224
996,769
997,418
998,515
999,1690
1000,516
1001,1206
1002,1557
1003,262
1004,1282
1005,774
1006,519
1007,1236
1008
1009,164
1010,682
1011,827
1012,32
1013,2021
1014,35
1015,1381
1016,686
1017,2023
1018,1999
1019,832
1020,1355
1021,830
1022,1384
1023,833
1024,2004
1025,691
1026,2075
1027,2031
1028,1361
1029
1030,1547
1031,47
1032,404
1033,173
1034,51
1035,938
1036,81
1037,356
1038,176
1039,408
1040,1198
1041,1730
1042,58
1043,59
1044,1926
1045,1426
1046,1732
1047,253
1048,1221
1049,1734
1050
1051,603
1052,1570
1053,526
1054,1572
1055,363
1056,608
1057,527
1058,362
1059,530
1060,705
1061,367
1062,707
1063,914
1064,1401
1065,916
1066,918
1067,538
1068,1405
1069,616
1070,143
1071
1072
1073
1074,841
1075
1076,573
1077,1703
1078,216
1079,190
1080,218
1081,2081
1082,849
1083,1862
1084,222
1085,1874
1086,2084
1087,226
1088,458
1089,580
1090,1718
1091,390
1092
1093,1769
1094,888
1095,142
1096,1772
1097,1777
1098,429
1099,430
1100,289
1101,544
1102,375
1103,891
1104,108
1105,436
1106,902
1107,293
1108,1244
1109,1468
1110,638
1111,1336
1112,748
1113
1114,786
1115,728
1116,558
1117,1166
1118,1163
1119,1315
1120,7
1121,1316
1122,8
1123,793
1124,10
1125,64
1126,1654
1127,733
1128,1614
1129,1787
1130,797
1131,1472
1132,342
1133,1479
1134
1135
1136
1137,1852
1138,568
1139,1849
1140,443
1141,1855
1142,448
1143,847
1144,452
1145,454
1146,1707
1147,381
1148,1859
1149,221
1150,384
1151,856
1152,579
1153,1868
1154,199
1155
1156,983
1157,950
1158,724
1159,1311
1160,1
1161,1823
1162,1190
1163,3
1164,726
1165,1191
1166,560
1167,1194
1168,1314
1169,1492
1170,1650
1171,794
1172,960
1173,795
1174,1126
1175,1656
1176
1177,391
1178,2094
1179,864
1180,1884
1181,548
1182,393
1183,780
1184,235
1185,550
1186,1625
1187,398
1188,979
1189,206
1190,1818
1191,1636
1192,954
1193,986
1194,1645
1195,790
1196,561
1197
1198,757
1199,410
1200,1044
1201,1222
1202,1048
1203,1685
1204,416
1205,419
1206,1737
1207,1228
1208,1739
1209,1229
1210,1232
1211,1741
1212,1559
1213,1000
1214,1560
1215,1695
1216,1237
1217,1994
1218
1219,590
1220,509
1221,61
1222,762
1223,591
1224,511
1225,1049
1226,1686
1227,994
1228,1930
1229,1983
1230,1985
1231,996
1232,770
1233,1693
1234,596
1235,1212
1236,520
1237,772
1238,1989
1239
1240,107
1241,738
1242,627
1243,437
1244,1339
1245,899
1246,114
1247,1109
1248,1664
1249,1342
1250,1446
1251,646
1252,645
1253,1894
1254,1524
1255,650
1256,125
1257,1269
1258,317
1259,1527
1260
1261,1338
1262,1663
1263,120
1264,1843
1265,1666
1266,647
1267,1669
1268,1522
1269,1670
1270,466
1271,1528
1272,1935
1273,1259
1274,1367
1275,1532
1276,1943
1277,2040
1278,673
1279,151
1280,310
1281
1282,518
1283,1233
1284,1561
1285,1213
1286,1697
1287,1566
1288,524
1289,1698
1290,600
1291,905
1292,605
1293,270
1294,1565
1295,132
1296,658
1297,1569
1298,1058
1299,364
1300,1061
1301,611
1302
1303,978
1304,1187
1305,554
1306,873
1307,1630
1308,874
1309,240
1310,881
1311,1599
1312,247
1313,1635
1314,727
1315,955
1316,1606
1317,959
1318,730
1319,1169
1320,1123
1321,11
1322,1171
1323
1324,614
1325,1774
1326,887
1327,540
1328,617
1329,1096
1330,545
1331,1462
1332,1464
1333,635
1334,737
1335,1105
1336,1784
1337,438
1338,1836
1339,744
1340,637
1341,1107
1342,1660
1343,1110
1344
1345,1753
1346,1377
1347,162
1348,2064
1349,478
1350,685
1351,2066
1352,1760
1353,828
1354,2024
1355,2000
1356,1015
1357,2003
1358,2006
1359,37
1360,1023
1361,2025
1362,2030
1363,2010
1364,2033
1365
1366,98
1367,1676
1368,1531
1369,470
1370,303
1371,325
1372,323
1373,1903
1374,156
1375,821
1376,678
1377,1752
1378,2059
1379,2061
1380,825
1381,824
1382,1350
1383,1019
1384,687
1385,829
1386
1387,652
1388,1993
1389,602
1390,1288
1391,601
1392,359
1393,701
1394,702
1395,1053
1396,134
1397,1766
1398,706
1399,368
1400,610
1401,136
1402,710
1403,670
1404,140
1405,280
1406,282
1407
1408,1580
1409,813
1410,74
1411,1802
1412,1803
1413,499
1414,1970
1415,46
1416,500
1417,818
1418,501
1419,1550
1420,1918
1421,502
1422,1587
1423,175
1424,57
1425,1036
1426,761
1427,413
1428
1429,373
1430,1458
1431,620
1432,894
1433,633
1434,290
1435,622
1436,1463
1437,1103
1438,1466
1439,1335
1440,1469
1441,742
1442,1340
1443,1108
1444,642
1445,1261
1446,86
1447,1518
1448,752
1449
1450,1301
1451,667
1452,423
1453,1404
1454,921
1455,1403
1456,144
1457,541
1458,1097
1459,428
1460,631
1461,890
1462,1780
1463,1781
1464,1434
1465,1783
1466,625
1467,1333
1468,113
1469,1242
1470
1471,1611
1472,339
1473,800
1474,1129
1475,801
1476,804
1477,1957
1478,1789
1479,487
1480,806
1481,927
1482,346
1483,492
1484,809
1485,1961
1486,1538
1487,1539
1488,930
1489,496
1490,72
1491
1492,5
1493,1195
1494,1652
1495,961
1496,1653
1497,563
1498,1124
1499,12
1500,485
1501,1956
1502,1478
1503,1132
1504,1476
1505,808
1506,1795
1507,1798
1508,810
1509,928
1510,933
1511,1801
1512
1513,629
1514,1337
1515,116
1516,640
1517,118
1518,119
1519,644
1520,1662
1521,1841
1522,1667
1523,1847
1524,755
1525,1250
1526,1933
1527,123
1528,1934
1529,467
1530,1937
1531,1744
1532,1366
1533
1534,963
1535,488
1536,1503
1537,1480
1538,345
1539,347
1540,1963
1541,1965
1542,1799
1543,931
1544,1579
1545,73
1546,1409
1547,1805
1548,354
1549,1915
1550,1723
1551,1417
1552,1725
1553,1031
1554
1555,259
1556,187
1557,1207
1558,517
1559,595
1560,773
1561,264
1562,695
1563,598
1564,268
1565,1215
1566,1387
1567,523
1568,1216
1569,655
1570,1392
1571,908
1572,361
1573,660
1574,365
1575
1576,343
1577,1133
1578,1794
1579,1481
1580,494
1581,1486
1582,1967
1583,1412
1584,78
1585,1724
1586,52
1587,1033
1588,79
1589,1552
1590,503
1591,1922
1592,56
1593,82
1594,1975
1595,589
1596
1597,1815
1598,246
1599,723
1600,1309
1601,952
1602,953
1603,559
1604,1114
1605,1193
1606,788
1607,1647
1608,958
1609,957
1610,1648
1611,1649
1612,9
1613,1170
1614,337
1615,1174
1616,1655
1617
1618,1877
1619,1880
1620,1089
1621,1881
1622,2093
1623,865
1624,587
1625,972
1626,551
1627,233
1628,1184
1629,1185
1630,870
1631,243
1632,947
1633,1306
1634,1639
1635,876
1636,1642
1637,1640
1638
1639,1188
1640,556
1641,984
1642,209
1643,1598
1644,251
1645,4
1646,1162
1647,729
1648,1192
1649,1120
1650,1119
1651,1317
1652,1609
1653,732
1654,1493
1655,1322
1656,338
1657,1495
1658,1473
1659
1660,639
1661,85
1662,747
1663,117
1664,1515
1665,1341
1666,1517
1667,1842
1668,750
1669,88
1670,1523
1671,92
1672,1895
1673,316
1674,1526
1675,94
1676,302
1677,1530
1678,96
1679,1904
1680
1681,505
1682,507
1683,510
1684,990
1685,1220
1686,1980
1687,512
1688,1929
1689,1204
1690,594
1691,1981
1692,1931
1693,998
1694,1558
1695,597
1696,267
1697,1006
1698,521
1699,266
1700,1002
1701
1702,1851
1703,843
1704,1854
1705,1141
1706,1137
1707,379
1708,1078
1709,1083
1710,1863
1711,223
1712,224
1713,2085
1714,1875
1715,1088
1716,1084
1717,229
1718,2089
1719,969
1720,1177
1721,203
1722
1723,352
1724,171
1725,1416
1726,1418
1727,1551
1728,1034
1729,940
1730,407
1731,1423
1732,1595
1733,989
1734,256
1735,991
1736,1684
1737,513
1738,260
1739,1226
1740,188
1741,1231
1742,1987
1743
1744,1673
1745,319
1746,1677
1747,1679
1748,1942
1749,1278
1750,152
1751,153
1752,1948
1753,1949
1754,1375
1755,158
1756,2049
1757,1951
1758,332
1759,2051
1760,826
1761,1348
1762,2022
1763,1014
1764
1765,133
1766,1296
1767,1574
1768,1060
1769,1300
1770,709
1771,1299
1772,281
1773,1063
1774,537
1775,886
1776,713
1777,1326
1778,1327
1779,284
1780,1094
1781,1101
1782,433
1783,1832
1784,1834
1785
1786,796
1787,1172
1788,13
1789,1175
1790,69
1791,1477
1792,489
1793,17
1794,1535
1795,926
1796,71
1797,1504
1798,20
1799,1577
1800,1966
1801,350
1802,1490
1803,1510
1804,1545
1805,75
1806
1807,201
1808,1883
1809,1179
1810,394
1811,395
1812,1626
1813,867
1814,552
1815,974
1816,946
1817,1308
1818,721
1819,982
1820,872
1821,1641
1822,879
1823,985
1824,2
1825,1643
1826,1117
1827
1828,1093
1829,1070
1830,145
1831,146
1832,291
1833,434
1834,736
1835,1240
1836,743
1837,739
1838,112
1839,1438
1840,746
1841,1443
1842,115
1843,1248
1844,87
1845,1247
1846,1447
1847,1891
1848
1849
1850
1851
1852,444
1853
1854,1072
1855,1073
1856,213
1857,447
1858,445
1859,1075
1860,380
1861,455
1862,192
1863,852
1864,1082
1865,220
1866,194
1867,578
1868,854
1869
1870,1074
1871,1077
1872,215
1873,219
1874,1149
1875,1864
1876,1151
1877,198
1878,858
1879,1153
1880,1150
1881,2092
1882,230
1883,585
1884,202
1885,1620
1886,1181
1887,971
1888,237
1889,2099
1890
1891,89
1892,1668
1893,1249
1894,1444
1895,1112
1896,465
1897,299
1898,297
1899,1272
1900,318
1901,1529
1902,300
1903,1745
1904,1273
1905,1368
1906,472
1907,471
1908,150
1909,473
1910,311
1911
1912,932
1913,1489
1914,1582
1915,816
1916,77
1917,1583
1918,172
1919,1030
1920,1972
1921,1421
1922,55
1923,406
1924,1037
1925,1422
1926,179
1927,1425
1928,508
1929,1219
1930,514
1931,995
1932
1933,1266
1934,296
1935,463
1936,1525
1937,95
1938,1258
1939,1256
1940,469
1941,1675
1942,304
1943,102
1944,1747
1945,308
1946,2041
1947,1280
1948,23
1949,2045
1950,676
1951,2048
1952,314
1953
1954,799
1955,1471
1956,1127
1957,67
1958,1500
1959,805
1960,491
1961,490
1962,19
1963,1796
1964,1537
1965,1482
1966,1484
1967,929
1968,1912
1969,1544
1970,76
1971,1410
1972,936
1973,815
1974
1975,943
1976,177
1977,1038
1978,506
1979,760
1980,1047
1981,1201
1982,1735
1983,186
1984,1688
1985,1555
1986,1687
1987,1556
1988,1227
1989,694
1990,1211
1991,775
1992,697
1993,696
1994,1564
1995
1996,33
1997,1012
1998,1013
1999,1352
2000,2057
2001,481
2002,2068
2003,1763
2004,2071
2005,1382
2006,1017
2007,1761
2008,1356
2009,2026
2010,2027
2011,1021
2012,2028
2013,834
2014,2029
2015,1025
2016
2017,160
2018,1346
2019,28
2020,476
2021,1347
2022,1379
2023,479
2024,2055
2025,831
2026,38
2027,2072
2028,1022
2029,1383
2030,2074
2031,835
2032,688
2033,2011
2034,1360
2035,689
2036,2076
2037
2038,320
2039,1746
2040,307
2041,1902
2042,1944
2043,1908
2044,1749
2045,155
2046,474
2047,154
2048,329
2049,159
2050,1950
2051,1378
2052,2063
2053,681
2054,1010
2055,1009
2056,1762
2057,2065
2058
2059,1279
2060,823
2061,822
2062,1345
2063,27
2064,29
2065,2019
2066,335
2067,1349
2068,167
2069,1996
2070,482
2071,1353
2072,36
2073,39
2074,1385
2075,2005
2076,2008
2077,2032
2078,2034
2079
2080,1705
2081,217
2082,846
2083,1709
2084,855
2085,196
2086,577
2087,1876
2088,1152
2089,857
2090,460
2091,581
2092,1716
2093,227
2094,862
2095,1714
2096,461
2097,1885
2098,234
2099,1809
2100