Makespan: 2053
Start: 0
End: 321
OPERATIONS SEQUENCE: 
1,2,3,4,5,6,7,8,9,10,11,12,13,14,15,16
17,18,19,20,21,22,23,24,25,26,27,28,29,30,31,32
33,34,35,36,37,38,39,40,41,42,43,44,45,46,47,48
49,50,51,52,53,54,55,56,57,58,59,60,61,62,63,64
65,66,67,68,69,70,71,72,73,74,75,76,77,78,79,80
81,82,83,84,85,86,87,88,89,90,91,92,93,94,95,96
97,98,99,100,101,102,103,104,105,106,107,108,109,110,111,112
113,114,115,116,117,118,119,120,121,122,123,124,125,126,127,128
129,130,131,132,133,134,135,136,137,138,139,140,141,142,143,144
145,146,147,148,149,150,151,152,153,154,155,156,157,158,159,160
161,162,163,164,165,166,167,168,169,170,171,172,173,174,175,176
177,178,179,180,181,182,183,184,185,186,187,188,189,190,191,192
193,194,195,196,197,198,199,200,201,202,203,204,205,206,207,208
209,210,211,212,213,214,215,216,217,218,219,220,221,222,223,224
225,226,227,228,229,230,231,232,233,234,235,236,237,238,239,240
241,242,243,244,245,246,247,248,249,250,251,252,253,254,255,256
257,258,259,260,261,262,263,264,265,266,267,268,269,270,271,272
273,274,275,276,277,278,279,280,281,282,283,284,285,286,287,288
289,290,291,292,293,294,295,296,297,298,299,300,301,302,303,304
305,306,307,308,309,310,311,312,313,314,315,316,317,318,319,320
MACHINE PREDECESSOR INFO: OPERATION, MACHINE PREDECESSOR 
1
2,178
3
4,66
5,134
6,136
7,83
8,37
9,76
10,149
11,39
12,92
13,201
14,101
15,156
16
17,87
18,90
19,11
20,312
21,45
22,315
23,290
24,116
25,275
26,52
27,214
28,163
29,53
30,216
31,54
32
33,131
34,81
35,193
36,5
37,74
38,185
39,77
40,308
41,142
42,197
43,243
44,311
45,313
46,244
47,158
48
49,205
50,250
51,319
52,162
53,274
54,165
55,276
56,233
57,120
58,297
59,168
60,299
61,281
62,171
63,301
64
65
66
67,177
68,257
69
70,2
71
72,180
73,82
74,130
75,147
76,305
77,187
78,306
79,140
80
81,258
82,133
83,33
84,181
85,35
86,146
87,137
88,75
89,38
90,151
91,79
92,152
93,190
94,42
95,14
96
97,10
98,141
99,269
100,202
101,41
102,242
103,209
104,271
105,225
106,159
107,47
108,293
109,229
110,50
111,232
112
113,289
114,103
115,46
116,106
117,213
118,207
119,51
120,25
121,296
122,255
123,279
124,236
125,58
126,221
127,235
128
129
130
131,65
132,1
133
134,67
135
136,71
137,70
138,183
139,262
140,188
141,9
142,266
143,198
144
145,69
146,135
147,260
148,184
149,84
150,3
151,263
152,139
153,89
154,199
155,98
156,99
157,93
158,245
159,211
160
161,23
162,251
163,294
164,108
165,109
166,217
167,254
168,30
169,280
170,220
171,123
172,223
173,283
174,285
175,57
176
177
178
179,129
180
181,68
182,34
183,261
184,85
185,6
186,194
187,86
188,150
189,307
190,196
191,40
192
193,259
194,145
195,73
196,265
197,138
198,97
199,189
200,17
201,309
202,268
203,18
204,155
205,104
206,273
207,105
208
209,241
210,15
211,314
212,22
213,317
214,115
215,161
216,118
217,231
218,119
219,278
220,110
221,56
222,234
223,122
224
225,43
226,44
227,210
228,114
229,117
230,212
231,248
232,27
233,253
234,121
235,219
236,55
237,298
238,170
239,60
240
241,78
242,154
243,310
244,13
245,270
246,95
247,157
248,20
249,227
250,316
251,291
252,318
253,164
254,277
255,29
256
257
258
259,132
260,179
261,4
262,72
263,36
264,7
265,8
266,186
267,91
268,153
269,191
270,200
271,19
272
273,21
274,226
275,292
276,215
277,24
278,26
279,295
280,111
281,28
282,31
283,222
284,59
285,237
286,125
287,238
288
289,203
290,102
291,204
292,249
293,206
294,228
295,230
296,252
297,166
298,218
299,167
300,282
301,169
302,284
303,172
304
305,182
306,148
307,264
308,195
309,88
310,267
311,143
312,100
313,12
314,94
315,246
316,113
317,247
318,49
319,107
320