Makespan: 2010
Start: 0
End: 321
OPERATIONS SEQUENCE: 
1,2,3,4,5,6,7,8,9,10,11,12,13,14,15,16
17,18,19,20,21,22,23,24,25,26,27,28,29,30,31,32
33,34,35,36,37,38,39,40,41,42,43,44,45,46,47,48
49,50,51,52,53,54,55,56,57,58,59,60,61,62,63,64
65,66,67,68,69,70,71,72,73,74,75,76,77,78,79,80
81,82,83,84,85,86,87,88,89,90,91,92,93,94,95,96
97,98,99,100,101,102,103,104,105,106,107,108,109,110,111,112
113,114,115,116,117,118,119,120,121,122,123,124,125,126,127,128
129,130,131,132,133,134,135,136,137,138,139,140,141,142,143,144
145,146,147,148,149,150,151,152,153,154,155,156,157,158,159,160
161,162,163,164,165,166,167,168,169,170,171,172,173,174,175,176
177,178,179,180,181,182,183,184,185,186,187,188,189,190,191,192
193,194,195,196,197,198,199,200,201,202,203,204,205,206,207,208
209,210,211,212,213,214,215,216,217,218,219,220,221,222,223,224
225,226,227,228,229,230,231,232,233,234,235,236,237,238,239,240
241,242,243,244,245,246,247,248,249,250,251,252,253,254,255,256
257,258,259,260,261,262,263,264,265,266,267,268,269,270,271,272
273,274,275,276,277,278,279,280,281,282,283,284,285,286,287,288
289,290,291,292,293,294,295,296,297,298,299,300,301,302,303,304
305,306,307,308,309,310,311,312,313,314,315,316,317,318,319,320
MACHINE PREDECESSOR INFO: OPERATION, MACHINE PREDECESSOR 
1,262
2,157
3,213
4,124
5,242
6,134
7,278
8,245
9,247
10,87
11,90
12,89
13,141
14,43
15,271
16
17,98
18,309
19,70
20,227
21,115
22,203
23,200
24,315
25,107
26,111
27,206
28,273
29,319
30,1
31,131
32
33,180
34,125
35,215
36,4
37,237
38,85
39,7
40,166
41,279
42,139
43,88
44,170
45,10
46,251
47,143
48
49
50
51,195
52
53,305
54
55,294
56,17
57,311
58,117
59,22
60,312
61,201
62,297
63,21
64
65
66,289
67,145
68,291
69,53
70,308
71,147
72,103
73,295
74,149
75,313
76,106
77,63
78,233
79,317
80
81,299
82,28
83,158
84,2
85,133
86,135
87,137
88,267
89,268
90,186
91,171
92,269
93,172
94,189
95,175
96
97
98,193
99
100,67
101,307
102,68
103,18
104,228
105,71
106,202
107,57
108,314
109,23
110,204
111,73
112
113,196
114,146
115,199
116,292
117,148
118,102
119,72
120,62
121,258
122,27
123,211
124,29
125,303
126,214
127,5
128
129,119
130,257
131,210
132,177
133,30
134,83
135,277
136,244
137,239
138,164
139,8
140,185
141,280
142,221
143,168
144
145,290
146,197
147,194
148,225
149,56
150,59
151,75
152,76
153,129
154,318
155,207
156,300
157,276
158,302
159,123
160
161,178
162,132
163,264
164,126
165,181
166,6
167,38
168,183
169,42
170,249
171,283
172,41
173,11
174,252
175,142
176
177,155
178,122
179,212
180,235
181,3
182,265
183,243
184,86
185,246
186,218
187,220
188,250
189,270
190,14
191,93
192
193
194,49
195
196
197,65
198,50
199,101
200,226
201,116
202,310
203,118
204,296
205,108
206,232
207,120
208
209,78
210,259
211,79
212,156
213,82
214,236
215,161
216,33
217,36
218,37
219,184
220,40
221,282
222,188
223,92
224
225,66
226,69
227,54
228,55
229,19
230,105
231,74
232,60
233,24
234,150
235,81
236,241
237,263
238,127
239,163
240
241,274
242,31
243,84
244,35
245,159
246,217
247,182
248,39
249,219
250,281
251,165
252,13
253,45
254,285
255,173
256
257,205
258,109
259,152
260,298
261,209
262,151
263,275
264,179
265,34
266,216
267,138
268,136
269,248
270,284
271,44
272
273,130
274,154
275,301
276,261
277,234
278,162
279,238
280,266
281,167
282,9
283,140
284,169
285,187
286,12
287,253
288
289
290
291,306
292,97
293,52
294,113
295,198
296,20
297,229
298,230
299,25
300,77
301,153
302,121
303,316
304
305
306
307
308,99
309,51
310,293
311,114
312,100
313,104
314,58
315,61
316,231
317,110
318,26
319,260
320