Makespan: 11476
Start: 0
End: 2101
OPERATIONS SEQUENCE: 
1,2,3,4,5,6,7,8,9,10,11,12,13,14,15,16,17,18,19,20,21
22,23,24,25,26,27,28,29,30,31,32,33,34,35,36,37,38,39,40,41,42
43,44,45,46,47,48,49,50,51,52,53,54,55,56,57,58,59,60,61,62,63
64,65,66,67,68,69,70,71,72,73,74,75,76,77,78,79,80,81,82,83,84
85,86,87,88,89,90,91,92,93,94,95,96,97,98,99,100,101,102,103,104,105
106,107,108,109,110,111,112,113,114,115,116,117,118,119,120,121,122,123,124,125,126
127,128,129,130,131,132,133,134,135,136,137,138,139,140,141,142,143,144,145,146,147
148,149,150,151,152,153,154,155,156,157,158,159,160,161,162,163,164,165,166,167,168
169,170,171,172,173,174,175,176,177,178,179,180,181,182,183,184,185,186,187,188,189
190,191,192,193,194,195,196,197,198,199,200,201,202,203,204,205,206,207,208,209,210
211,212,213,214,215,216,217,218,219,220,221,222,223,224,225,226,227,228,229,230,231
232,233,234,235,236,237,238,239,240,241,242,243,244,245,246,247,248,249,250,251,252
253,254,255,256,257,258,259,260,261,262,263,264,265,266,267,268,269,270,271,272,273
274,275,276,277,278,279,280,281,282,283,284,285,286,287,288,289,290,291,292,293,294
295,296,297,298,299,300,301,302,303,304,305,306,307,308,309,310,311,312,313,314,315
316,317,318,319,320,321,322,323,324,325,326,327,328,329,330,331,332,333,334,335,336
337,338,339,340,341,342,343,344,345,346,347,348,349,350,351,352,353,354,355,356,357
358,359,360,361,362,363,364,365,366,367,368,369,370,371,372,373,374,375,376,377,378
379,380,381,382,383,384,385,386,387,388,389,390,391,392,393,394,395,396,397,398,399
400,401,402,403,404,405,406,407,408,409,410,411,412,413,414,415,416,417,418,419,420
421,422,423,424,425,426,427,428,429,430,431,432,433,434,435,436,437,438,439,440,441
442,443,444,445,446,447,448,449,450,451,452,453,454,455,456,457,458,459,460,461,462
463,464,465,466,467,468,469,470,471,472,473,474,475,476,477,478,479,480,481,482,483
484,485,486,487,488,489,490,491,492,493,494,495,496,497,498,499,500,501,502,503,504
505,506,507,508,509,510,511,512,513,514,515,516,517,518,519,520,521,522,523,524,525
526,527,528,529,530,531,532,533,534,535,536,537,538,539,540,541,542,543,544,545,546
547,548,549,550,551,552,553,554,555,556,557,558,559,560,561,562,563,564,565,566,567
568,569,570,571,572,573,574,575,576,577,578,579,580,581,582,583,584,585,586,587,588
589,590,591,592,593,594,595,596,597,598,599,600,601,602,603,604,605,606,607,608,609
610,611,612,613,614,615,616,617,618,619,620,621,622,623,624,625,626,627,628,629,630
631,632,633,634,635,636,637,638,639,640,641,642,643,644,645,646,647,648,649,650,651
652,653,654,655,656,657,658,659,660,661,662,663,664,665,666,667,668,669,670,671,672
673,674,675,676,677,678,679,680,681,682,683,684,685,686,687,688,689,690,691,692,693
694,695,696,697,698,699,700,701,702,703,704,705,706,707,708,709,710,711,712,713,714
715,716,717,718,719,720,721,722,723,724,725,726,727,728,729,730,731,732,733,734,735
736,737,738,739,740,741,742,743,744,745,746,747,748,749,750,751,752,753,754,755,756
757,758,759,760,761,762,763,764,765,766,767,768,769,770,771,772,773,774,775,776,777
778,779,780,781,782,783,784,785,786,787,788,789,790,791,792,793,794,795,796,797,798
799,800,801,802,803,804,805,806,807,808,809,810,811,812,813,814,815,816,817,818,819
820,821,822,823,824,825,826,827,828,829,830,831,832,833,834,835,836,837,838,839,840
841,842,843,844,845,846,847,848,849,850,851,852,853,854,855,856,857,858,859,860,861
862,863,864,865,866,867,868,869,870,871,872,873,874,875,876,877,878,879,880,881,882
883,884,885,886,887,888,889,890,891,892,893,894,895,896,897,898,899,900,901,902,903
904,905,906,907,908,909,910,911,912,913,914,915,916,917,918,919,920,921,922,923,924
925,926,927,928,929,930,931,932,933,934,935,936,937,938,939,940,941,942,943,944,945
946,947,948,949,950,951,952,953,954,955,956,957,958,959,960,961,962,963,964,965,966
967,968,969,970,971,972,973,974,975,976,977,978,979,980,981,982,983,984,985,986,987
988,989,990,991,992,993,994,995,996,997,998,999,1000,1001,1002,1003,1004,1005,1006,1007,1008
1009,1010,1011,1012,1013,1014,1015,1016,1017,1018,1019,1020,1021,1022,1023,1024,1025,1026,1027,1028,1029
1030,1031,1032,1033,1034,1035,1036,1037,1038,1039,1040,1041,1042,1043,1044,1045,1046,1047,1048,1049,1050
1051,1052,1053,1054,1055,1056,1057,1058,1059,1060,1061,1062,1063,1064,1065,1066,1067,1068,1069,1070,1071
1072,1073,1074,1075,1076,1077,1078,1079,1080,1081,1082,1083,1084,1085,1086,1087,1088,1089,1090,1091,1092
1093,1094,1095,1096,1097,1098,1099,1100,1101,1102,1103,1104,1105,1106,1107,1108,1109,1110,1111,1112,1113
1114,1115,1116,1117,1118,1119,1120,1121,1122,1123,1124,1125,1126,1127,1128,1129,1130,1131,1132,1133,1134
1135,1136,1137,1138,1139,1140,1141,1142,1143,1144,1145,1146,1147,1148,1149,1150,1151,1152,1153,1154,1155
1156,1157,1158,1159,1160,1161,1162,1163,1164,1165,1166,1167,1168,1169,1170,1171,1172,1173,1174,1175,1176
1177,1178,1179,1180,1181,1182,1183,1184,1185,1186,1187,1188,1189,1190,1191,1192,1193,1194,1195,1196,1197
1198,1199,1200,1201,1202,1203,1204,1205,1206,1207,1208,1209,1210,1211,1212,1213,1214,1215,1216,1217,1218
1219,1220,1221,1222,1223,1224,1225,1226,1227,1228,1229,1230,1231,1232,1233,1234,1235,1236,1237,1238,1239
1240,1241,1242,1243,1244,1245,1246,1247,1248,1249,1250,1251,1252,1253,1254,1255,1256,1257,1258,1259,1260
1261,1262,1263,1264,1265,1266,1267,1268,1269,1270,1271,1272,1273,1274,1275,1276,1277,1278,1279,1280,1281
1282,1283,1284,1285,1286,1287,1288,1289,1290,1291,1292,1293,1294,1295,1296,1297,1298,1299,1300,1301,1302
1303,1304,1305,1306,1307,1308,1309,1310,1311,1312,1313,1314,1315,1316,1317,1318,1319,1320,1321,1322,1323
1324,1325,1326,1327,1328,1329,1330,1331,1332,1333,1334,1335,1336,1337,1338,1339,1340,1341,1342,1343,1344
1345,1346,1347,1348,1349,1350,1351,1352,1353,1354,1355,1356,1357,1358,1359,1360,1361,1362,1363,1364,1365
1366,1367,1368,1369,1370,1371,1372,1373,1374,1375,1376,1377,1378,1379,1380,1381,1382,1383,1384,1385,1386
1387,1388,1389,1390,1391,1392,1393,1394,1395,1396,1397,1398,1399,1400,1401,1402,1403,1404,1405,1406,1407
1408,1409,1410,1411,1412,1413,1414,1415,1416,1417,1418,1419,1420,1421,1422,1423,1424,1425,1426,1427,1428
1429,1430,1431,1432,1433,1434,1435,1436,1437,1438,1439,1440,1441,1442,1443,1444,1445,1446,1447,1448,1449
1450,1451,1452,1453,1454,1455,1456,1457,1458,1459,1460,1461,1462,1463,1464,1465,1466,1467,1468,1469,1470
1471,1472,1473,1474,1475,1476,1477,1478,1479,1480,1481,1482,1483,1484,1485,1486,1487,1488,1489,1490,1491
1492,1493,1494,1495,1496,1497,1498,1499,1500,1501,1502,1503,1504,1505,1506,1507,1508,1509,1510,1511,1512
1513,1514,1515,1516,1517,1518,1519,1520,1521,1522,1523,1524,1525,1526,1527,1528,1529,1530,1531,1532,1533
1534,1535,1536,1537,1538,1539,1540,1541,1542,1543,1544,1545,1546,1547,1548,1549,1550,1551,1552,1553,1554
1555,1556,1557,1558,1559,1560,1561,1562,1563,1564,1565,1566,1567,1568,1569,1570,1571,1572,1573,1574,1575
1576,1577,1578,1579,1580,1581,1582,1583,1584,1585,1586,1587,1588,1589,1590,1591,1592,1593,1594,1595,1596
1597,1598,1599,1600,1601,1602,1603,1604,1605,1606,1607,1608,1609,1610,1611,1612,1613,1614,1615,1616,1617
1618,1619,1620,1621,1622,1623,1624,1625,1626,1627,1628,1629,1630,1631,1632,1633,1634,1635,1636,1637,1638
1639,1640,1641,1642,1643,1644,1645,1646,1647,1648,1649,1650,1651,1652,1653,1654,1655,1656,1657,1658,1659
1660,1661,1662,1663,1664,1665,1666,1667,1668,1669,1670,1671,1672,1673,1674,1675,1676,1677,1678,1679,1680
1681,1682,1683,1684,1685,1686,1687,1688,1689,1690,1691,1692,1693,1694,1695,1696,1697,1698,1699,1700,1701
1702,1703,1704,1705,1706,1707,1708,1709,1710,1711,1712,1713,1714,1715,1716,1717,1718,1719,1720,1721,1722
1723,1724,1725,1726,1727,1728,1729,1730,1731,1732,1733,1734,1735,1736,1737,1738,1739,1740,1741,1742,1743
1744,1745,1746,1747,1748,1749,1750,1751,1752,1753,1754,1755,1756,1757,1758,1759,1760,1761,1762,1763,1764
1765,1766,1767,1768,1769,1770,1771,1772,1773,1774,1775,1776,1777,1778,1779,1780,1781,1782,1783,1784,1785
1786,1787,1788,1789,1790,1791,1792,1793,1794,1795,1796,1797,1798,1799,1800,1801,1802,1803,1804,1805,1806
1807,1808,1809,1810,1811,1812,1813,1814,1815,1816,1817,1818,1819,1820,1821,1822,1823,1824,1825,1826,1827
1828,1829,1830,1831,1832,1833,1834,1835,1836,1837,1838,1839,1840,1841,1842,1843,1844,1845,1846,1847,1848
1849,1850,1851,1852,1853,1854,1855,1856,1857,1858,1859,1860,1861,1862,1863,1864,1865,1866,1867,1868,1869
1870,1871,1872,1873,1874,1875,1876,1877,1878,1879,1880,1881,1882,1883,1884,1885,1886,1887,1888,1889,1890
1891,1892,1893,1894,1895,1896,1897,1898,1899,1900,1901,1902,1903,1904,1905,1906,1907,1908,1909,1910,1911
1912,1913,1914,1915,1916,1917,1918,1919,1920,1921,1922,1923,1924,1925,1926,1927,1928,1929,1930,1931,1932
1933,1934,1935,1936,1937,1938,1939,1940,1941,1942,1943,1944,1945,1946,1947,1948,1949,1950,1951,1952,1953
1954,1955,1956,1957,1958,1959,1960,1961,1962,1963,1964,1965,1966,1967,1968,1969,1970,1971,1972,1973,1974
1975,1976,1977,1978,1979,1980,1981,1982,1983,1984,1985,1986,1987,1988,1989,1990,1991,1992,1993,1994,1995
1996,1997,1998,1999,2000,2001,2002,2003,2004,2005,2006,2007,2008,2009,2010,2011,2012,2013,2014,2015,2016
2017,2018,2019,2020,2021,2022,2023,2024,2025,2026,2027,2028,2029,2030,2031,2032,2033,2034,2035,2036,2037
2038,2039,2040,2041,2042,2043,2044,2045,2046,2047,2048,2049,2050,2051,2052,2053,2054,2055,2056,2057,2058
2059,2060,2061,2062,2063,2064,2065,2066,2067,2068,2069,2070,2071,2072,2073,2074,2075,2076,2077,2078,2079
2080,2081,2082,2083,2084,2085,2086,2087,2088,2089,2090,2091,2092,2093,2094,2095,2096,2097,2098,2099,2100
MACHINE PREDECESSOR INFO: OPERATION, MACHINE PREDECESSOR 
1,1518
2,132
3,1525
4,1526
5,553
6,232
7,1065
8,1527
9,211
10,1530
11,213
12,564
13,1103
14,1282
15,1107
16,1106
17,710
18,506
19,1288
20,225
21
22,1573
23,1664
24,1665
25,716
26,1908
27,1669
28,1671
29,575
30,405
31,574
32,578
33,647
34,1047
35,783
36,580
37,723
38,785
39,831
40,384
41,1678
42
43,149
44,257
45,151
46,1085
47,187
48,455
49,454
50,1305
51,458
52,512
53,299
54,301
55,1433
56,160
57,1798
58,1607
59,165
60,1310
61,1610
62,1321
63
64,804
65,782
66,1997
67,34
68,1998
69,1782
70,413
71,2000
72,1051
73,812
74,2003
75,494
76,731
77,587
78,1515
79,792
80,793
81,361
82,1516
83,1346
84
85,1919
86,1550
87,1623
88,1922
89,1807
90,993
91,1809
92,758
93,1628
94,1578
95,209
96,1490
97,1630
98,1845
99,1180
100,1002
101,1182
102,843
103,1587
104,1205
105
106,1757
107,1725
108,593
109,911
110,2048
111,1730
112,1887
113,686
114,917
115,920
116,921
117,1267
118,1457
119,934
120,323
121,1954
122,1492
123,1278
124,1141
125,331
126
127,1164
128,733
129,839
130,80
131,2012
132,1521
133,396
134,1352
135,696
136,398
137,1523
138,1173
139,5
140,1172
141,236
142,1529
143,1096
144,975
145,1076
146,980
147
148,1786
149,1787
150,450
151,277
152,245
153,247
154,1306
155,48
156,298
157,1793
158,1794
159,515
160,285
161,1437
162,1430
163,1796
164,1438
165,1440
166,1442
167,1801
168
169,1357
170,370
171,138
172,970
173,967
174,1068
175,10
176,215
177,566
178,562
179,563
180,1283
181,981
182,15
183,253
184,1109
185,276
186,1291
187,249
188,1303
189
190,1504
191,1540
192,1505
193,1544
194,896
195,1509
196,1483
197,1622
198,988
199,617
200,1252
201,1253
202,1257
203,1486
204,654
205,902
206,1553
207,1198
208,93
209,762
210
211,135
212,233
213,558
214,1531
215,142
216,1098
217,174
218,703
219,1105
220,704
221,178
222,242
223,449
224,184
225,507
226,260
227,1112
228,46
229,1307
230,283
231
232,1063
233,694
234,1356
235,136
236,555
237,559
238,173
239,177
240,144
241,145
242,706
243,983
244,985
245,223
246,451
247,19
248,1083
249,20
250,452
251,262
252
253,14
254,982
255,1108
256,182
257,446
258,1080
259,295
260,711
261,224
262,448
263,1294
264,227
265,1432
266,50
267,1792
268,1599
269,302
270,284
271,461
272,287
273
274,1075
275,447
276,222
277,986
278,261
279,263
280,1431
281,49
282,1299
283,511
284,157
285,1795
286,269
287,161
288,517
289,1436
290,1797
291,520
292,1800
293,1441
294
295,16
296,1081
297,185
298,44
299,1789
300,1791
301,280
302,1598
303,460
304,229
305,1434
306,1603
307,521
308,291
309,1609
310,522
311,1612
312,524
313,523
314,1444
315
316,913
317,1019
318,1731
319,687
320,112
321,1409
322,1413
323,1735
324,599
325,116
326,923
327,1742
328,1739
329,1420
330,1422
331,604
332,123
333,1280
334,1142
335,1463
336
337
338
339
340
341
342
343,1851
344,1745
345,428
346,1852
347,741
348,1392
349,1746
350,1227
351,1749
352,1233
353,1235
354,1402
355,1404
356,908
357
358,791
359,419
360,2007
361,732
362,497
363,2011
364,129
365,1168
366,1056
367,1353
368,1062
369,2014
370,4
371,1175
372,1358
373,1095
374,700
375,1362
376,565
377,175
378
379,1780
380,807
381,490
382,727
383,1160
384,417
385,1052
386,1161
387,2005
388,816
389,1162
390,73
391,1514
392,2009
393,1347
394,77
395,364
396,1520
397,1348
398,548
399
400,1898
401,1901
402,638
403,1949
404,1770
405,1771
406,2031
407,2032
408,484
409,803
410,579
411,825
412,1676
413,489
414,491
415,1385
416,382
417,1677
418,730
419,815
420
421
422
423,736
424
425
426,1219
427
428,1221
429,740
430,1328
431,1871
432,1857
433,1230
434,1747
435,1228
436,675
437,1232
438,1689
439,678
440,1866
441
442,374
443,705
444,1077
445,240
446,708
447,146
448,1286
449,984
450,1111
451,1110
452,296
453,1293
454,509
455,712
456,1087
457,264
458,153
459,154
460,1088
461,1300
462
463,938
464,1276
465,333
466,1466
467,868
468,1963
469,1473
470,944
471,1978
472,886
473,1151
474,1149
475,887
476,1968
477,1153
478,1970
479,1973
480,1242
481,1979
482,894
483
484,1379
485,573
486,800
487,720
488,31
489,32
490,409
491,724
492,828
493,411
494,1156
495,416
496,1679
497,1163
498,79
499,818
500,796
501,392
502,1169
503,2013
504
505,709
506,254
507,1287
508,148
509,1084
510,1304
511,1297
512,1790
513,279
514,300
515,53
516,51
517,1301
518,1602
519,272
520,164
521,57
522,56
523,1443
524,1317
525
526,669
527,1209
528,848
529,1824
530,851
531,1594
532,1595
533,1825
534,2089
535,1714
536,1933
537,1935
538,2067
539,2094
540,1937
541,1941
542,1643
543,1370
544,860
545,1721
546
547,1349
548,1350
549,499
550,1058
551,1345
552,397
553,1059
554,1355
555,1171
556,234
557,368
558,1067
559,1093
560,372
561,373
562,1097
563,701
564,1099
565,143
566,976
567
568,1034
569,1574
570,1951
571,1131
572,717
573,2029
574,2030
575,1043
576,2033
577,821
578,650
579,486
580,779
581,805
582,414
583,492
584,381
585,728
586,809
587,729
588
589,1876
590,435
591,1401
592,1758
593,2041
594,1406
595,1343
596,1261
597,914
598,1729
599,2051
600,933
601,322
602,1740
603,1741
604,2054
605,937
606,862
607,1957
608,1465
609
610,1545
611,1546
612,1247
613,1829
614,1917
615,1510
616,1988
617,1250
618,1990
619,1835
620,1255
621,1923
622,201
623,1487
624,91
625,1489
626,658
627,1843
628,662
629,1003
630
631,1121
632,1896
633,1123
634,2073
635,1944
636,1371
637,1127
638,1033
639,1649
640,1035
641,1902
642,1903
643,715
644,1038
645,1376
646,1658
647,1040
648,406
649,1910
650,1045
651
652,1918
653,200
654,87
655,619
656,1808
657,1837
658,1629
659,207
660,208
661,1811
662,1583
663,765
664,1183
665,1582
666,1634
667,846
668,770
669,771
670,845
671,1211
672
673,431
674,432
675,1686
676,1750
677,1396
678,1333
679,1877
680,1723
681,356
682,1694
683,1011
684,1696
685,2049
686,1018
687,1020
688,1021
689,2050
690,1022
691,114
692,1265
693
694,1057
695,1170
696,1522
697,1061
698,1064
699,235
700,969
701,971
702,214
703,1069
704,12
705,1104
706,1100
707,237
708,241
709,181
710,180
711,274
712,1290
713,508
714
715,1130
716,1769
717,2027
718,1772
719,1670
720,1044
721,781
722,1996
723,1674
724,1383
725,806
726,1049
727,1783
728,829
729,2001
730,72
731,584
732,789
733,790
734,834
735
736
737,421
738,1682
739,425
740,1389
741,1849
742,427
743,339
744,1853
745,1856
746,345
747,434
748,1234
749,1397
750,1688
751,1337
752,1236
753,2038
754,1756
755,1237
756
757,1488
758,1626
759,1929
760,206
761,623
762,656
763,1842
764,626
765,1200
766,947
767,948
768,1815
769,949
770,1632
771,1704
772,1820
773,2085
774,1710
775,1194
776,1214
777
778,1046
779,649
780,801
781,577
782,1381
783,1778
784,408
785,581
786,380
787,70
788,830
789,586
790,383
791,386
792,41
793,387
794,390
795,1166
796,83
797,393
798
799,29
800,822
801,576
802,2034
803,1777
804,2036
805,2035
806,1675
807,827
808,784
809,379
810,37
811,787
812,1159
813,71
814,1053
815,74
816,788
817,835
818,358
819
820,1655
821,1773
822,1774
823,28
824,778
825,1380
826,33
827,488
828,65
829,67
830,66
831,69
832,415
833,38
834,1054
835,495
836,385
837,76
838,359
839,496
840
841,661
842,1000
843,1001
844,628
845,1586
846,1702
847,1208
848,1189
849,2060
850,1591
851,1592
852,2062
853,532
854,1712
855,1196
856,2066
857,2068
858,539
859,965
860,1943
861
862,1274
863,122
864,1955
865,463
866,1279
867,1495
868,334
869,1961
870,1496
871,939
872,1468
873,1966
874,1537
875,1476
876,1477
877,1541
878,1245
879,893
880,1619
881,482
882
883,863
884,1277
885,1464
886,1960
887,1498
888,1148
889,942
890,1500
891,1499
892,1150
893,190
894,1984
895,1480
896,476
897,1478
898,1246
899,1620
900,1511
901,1254
902,1833
903
904,1863
905,439
906,353
907,440
908,1867
909,591
910,1012
911,1726
912,1013
913,108
914,682
915,1698
916,1728
917,1889
918,1264
919,317
920,1411
921,689
922,321
923,1414
924
925,1727
926,1761
927,596
928,915
929,1450
930,110
931,1452
932,598
933,115
934,1456
935,1268
936,1416
937,1028
938,120
939,1956
940,1421
941,1426
942,1143
943,866
944,1146
945
946,764
947,1846
948,841
949,98
950,627
951,1006
952,668
953,1007
954,1822
955,849
956,1190
957,1706
958,2059
959,774
960,530
961,1891
962,1216
963,1561
964,1715
965,1644
966
967,367
968,169
969,556
970,1528
971,371
972,1094
973,1073
974,1532
975,561
976,1363
977,216
978,375
979,217
980,1101
981,1102
982,443
983,444
984,256
985,221
986,183
987
988,1249
989,1248
990,618
991,901
992,1625
993,1552
994,655
995,1840
996,757
997,92
998,88
999,1580
1000,1631
1001,1844
1002,1813
1003,1581
1004,1585
1005,663
1006,1635
1007,1185
1008
1009,1881
1010,1880
1011,907
1012,1883
1013,1340
1014,107
1015,1884
1016,1695
1017,925
1018,2047
1019,684
1020,109
1021,316
1022,918
1023,318
1024,1410
1025,320
1026,691
1027,2053
1028,1455
1029
1030,632
1031,2074
1032,1564
1033,1568
1034,1766
1035,1947
1036,1946
1037,1648
1038,1651
1039,2024
1040,403
1041,1653
1042,571
1043,718
1044,27
1045,1775
1046,30
1047,1776
1048,780
1049,1779
1050
1051,786
1052,810
1053,2002
1054,2004
1055,40
1056,127
1057,501
1058,131
1059,502
1060,1
1061,1351
1062,1524
1063,2015
1064,133
1065,134
1066,369
1067,137
1068,699
1069,1072
1070,9
1071
1072,172
1073,171
1074,560
1075,13
1076,977
1077,219
1078,442
1079,1364
1080,445
1081,505
1082,275
1083,18
1084,1292
1085,246
1086,297
1087,1788
1088,45
1089,513
1090,1309
1091,267
1092
1093,968
1094,557
1095,8
1096,1360
1097,7
1098,170
1099,973
1100,974
1101,702
1102,11
1103,238
1104,176
1105,377
1106,979
1107,1284
1108,218
1109,1078
1110,1285
1111,239
1112,17
1113
1114,769
1115,952
1116,954
1117,2065
1118,775
1119,1559
1120,856
1121,1368
1122,1895
1123,2017
1124,1565
1125,1567
1126,1030
1127,1031
1128,2077
1129,1661
1130,1950
1131,641
1132,1666
1133,1952
1134
1135,1263
1136,929
1137,319
1138,692
1139,118
1140,2056
1141,605
1142,1424
1143,1425
1144,883
1145,884
1146,1962
1147,1472
1148,865
1149,1535
1150,1975
1151,890
1152,471
1153,1240
1154,891
1155
1156,725
1157,808
1158,726
1159,1784
1160,68
1161,585
1162,814
1163,2006
1164,388
1165,78
1166,837
1167,498
1168,82
1169,2010
1170,130
1171,503
1172,552
1173,1354
1174,554
1175,2
1176
1177,1931
1178,1810
1179,625
1180,999
1181,763
1182,1812
1183,1847
1184,1817
1185,1584
1186,766
1187,104
1188,1819
1189,1589
1190,1005
1191,1707
1192,2061
1193,955
1194,1823
1195,2063
1196,529
1197
1198,1577
1199,205
1200,1841
1201,997
1202,761
1203,1930
1204,95
1205,1814
1206,1818
1207,664
1208,1186
1209,1188
1210,2081
1211,1637
1212,1114
1213,2084
1214,1556
1215,2087
1216,773
1217,853
1218
1219
1220,1324
1221
1222,737
1223,341
1224,1850
1225,739
1226,342
1227,1331
1228,1854
1229,348
1230,347
1231,1684
1232,1394
1233,1859
1234,1687
1235,1872
1236,1400
1237,1864
1238,1403
1239
1240,872
1241,1965
1242,1967
1243,1538
1244,470
1245,1539
1246,876
1247,1971
1248,1916
1249,1828
1250,1830
1251,194
1252,610
1253,1832
1254,197
1255,1551
1256,1542
1257,85
1258,1993
1259,1836
1260
1261,2042
1262,592
1263,2045
1264,1408
1265,1700
1266,1024
1267,932
1268,922
1269,1736
1270,1459
1271,2055
1272,936
1273,601
1274,1738
1275,1462
1276,330
1277,1494
1278,1461
1279,1415
1280,124
1281
1282,376
1283,978
1284,1074
1285,179
1286,220
1287,1079
1288,255
1289,707
1290,244
1291,1082
1292,259
1293,226
1294,150
1295,248
1296,278
1297,188
1298,1429
1299,265
1300,52
1301,156
1302
1303,43
1304,152
1305,186
1306,47
1307,456
1308,1298
1309,1597
1310,282
1311,516
1312,514
1313,159
1314,1601
1315,271
1316,288
1317,1608
1318,518
1319,1611
1320,308
1321,1802
1322,1448
1323
1324,423
1325,340
1326,422
1327,424
1328,338
1329,1224
1330,343
1331,742
1332,743
1333,745
1334,1395
1335,1685
1336,676
1337,589
1338,1399
1339,1690
1340,1879
1341,352
1342,1878
1343,2040
1344
1345,389
1346,2008
1347,838
1348,734
1349,794
1350,362
1351,394
1352,365
1353,550
1354,1517
1355,395
1356,1060
1357,3
1358,698
1359,6
1360,212
1361,139
1362,141
1363,1070
1364,972
1365
1366,962
1367,536
1368,1563
1369,2095
1370,1894
1371,2099
1372,1660
1373,2022
1374,401
1375,1904
1376,26
1377,1041
1378,643
1379,820
1380,799
1381,407
1382,485
1383,823
1384,35
1385,1781
1386
1387,337
1388
1389
1390,1326
1391,1223
1392,1327
1393,344
1394,346
1395,1873
1396,1748
1397,674
1398,350
1399,1875
1400,436
1401,748
1402,747
1403,438
1404,1755
1405,1009
1406,1724
1407
1408,1888
1409,111
1410,928
1411,1135
1412,916
1413,1136
1414,931
1415,1734
1416,1025
1417,325
1418,1270
1419,1027
1420,1269
1421,1271
1422,119
1423,121
1424,2057
1425,606
1426,1139
1427,864
1428
1429,250
1430,453
1431,1295
1432,713
1433,510
1434,1089
1435,303
1436,1091
1437,304
1438,268
1439,286
1440,1312
1441,1313
1442,1315
1443,163
1444,1605
1445,292
1446,310
1447,1803
1448,1604
1449
1450,685
1451,688
1452,113
1453,919
1454,690
1455,1412
1456,1732
1457,1023
1458,1137
1459,324
1460,117
1461,1419
1462,602
1463,1423
1464,329
1465,1958
1466,1427
1467,867
1468,1497
1469,607
1470
1471,1144
1472,885
1473,1964
1474,1467
1475,335
1476,1912
1477,1913
1478,1972
1479,479
1480,1983
1481,878
1482,879
1483,1986
1484,611
1485,899
1486,1256
1487,1994
1488,202
1489,1259
1490,760
1491
1492,1418
1493,1272
1494,326
1495,328
1496,941
1497,1959
1498,608
1499,869
1500,871
1501,888
1502,873
1503,1475
1504,1244
1505,875
1506,1479
1507,874
1508,892
1509,880
1510,897
1511,612
1512
1513,39
1514,75
1515,833
1516,817
1517,360
1518,128
1519,1055
1520,1167
1521,500
1522,363
1523,797
1524,695
1525,366
1526,551
1527,697
1528,1174
1529,1066
1530,140
1531,1359
1532,1361
1533
1534,465
1535,1469
1536,1474
1537,469
1538,467
1539,475
1540,1976
1541,478
1542,1982
1543,1981
1544,1618
1545,1506
1546,481
1547,881
1548,1508
1549,613
1550,1920
1551,196
1552,1992
1553,1924
1554
1555,772
1556,1193
1557,531
1558,1213
1559,2064
1560,1116
1561,1641
1562,1826
1563,535
1564,1642
1565,964
1566,541
1567,1646
1568,1939
1569,858
1570,1945
1571,1647
1572,1765
1573,634
1574,636
1575
1576,990
1577,621
1578,1838
1579,996
1580,759
1581,657
1582,998
1583,1203
1584,1204
1585,1816
1586,1184
1587,842
1588,100
1589,768
1590,1187
1591,951
1592,666
1593,1212
1594,956
1595,1191
1596
1597,457
1598,459
1599,228
1600,266
1601,54
1602,1435
1603,1311
1604,158
1605,230
1606,305
1607,270
1608,289
1609,290
1610,519
1611,307
1612,60
1613,166
1614,293
1615,1447
1616,59
1617
1618,1969
1619,1985
1620,1543
1621,1547
1622,1989
1623,616
1624,1834
1625,653
1626,1258
1627,89
1628,1926
1629,995
1630,994
1631,1177
1632,624
1633,844
1634,101
1635,1207
1636,665
1637,950
1638
1639,1192
1640,1215
1641,1118
1642,534
1643,1713
1644,538
1645,2070
1646,2071
1647,1897
1648,1128
1649,2018
1650,1372
1651,1572
1652,402
1653,23
1654,1129
1655,24
1656,1948
1657,1907
1658,2025
1659
1660,544
1661,2019
1662,2075
1663,2076
1664,633
1665,1768
1666,22
1667,639
1668,1036
1669,570
1670,404
1671,2028
1672,25
1673,646
1674,648
1675,824
1676,1048
1677,64
1678,832
1679,813
1680
1681
1682,1387
1683
1684,1388
1685,1222
1686,1858
1687,673
1688,1874
1689,1751
1690,749
1691,1334
1692,1336
1693,906
1694,1010
1695,679
1696,106
1697,2046
1698,1885
1699,1886
1700,926
1701
1702,1206
1703,1004
1704,103
1705,1588
1706,670
1707,1115
1708,850
1709,953
1710,527
1711,1593
1712,1557
1713,2088
1714,1639
1715,1640
1716,2091
1717,2092
1718,961
1719,537
1720,1936
1721,1942
1722
1723,904
1724,1754
1725,1693
1726,1342
1727,681
1728,2043
1729,912
1730,1016
1731,1699
1732,597
1733,1760
1734,1451
1735,1454
1736,930
1737,1266
1738,2052
1739,600
1740,1417
1741,1138
1742,1026
1743
1744,738
1745,1220
1746
1747,1870
1748,430
1749,1231
1750,433
1751,1860
1752,1862
1753,1861
1754,750
1755,1865
1756,437
1757,1868
1758,2039
1759,1882
1760,909
1761,2044
1762,1014
1763,1017
1764
1765,1662
1766,545
1767,400
1768,2021
1769,640
1770,1037
1771,2026
1772,1906
1773,1656
1774,1377
1775,1909
1776,1673
1777,645
1778,572
1779,1382
1780,826
1781,722
1782,412
1783,1999
1784,582
1785
1786,243
1787,258
1788,1289
1789,251
1790,1086
1791,1296
1792,155
1793,1308
1794,281
1795,1090
1796,1600
1797,55
1798,162
1799,1439
1800,306
1801,1314
1802,1606
1803,1316
1804,1320
1805,1318
1806
1807,620
1808,1925
1809,1839
1810,1928
1811,94
1812,1202
1813,1179
1814,946
1815,97
1816,1181
1817,1201
1818,99
1819,629
1820,2080
1821,2082
1822,526
1823,2083
1824,671
1825,847
1826,2086
1827
1828,1915
1829,192
1830,895
1831,1482
1832,1621
1833,1484
1834,1991
1835,1921
1836,652
1837,86
1838,991
1839,989
1840,1927
1841,1627
1842,204
1843,1579
1844,659
1845,1178
1846,660
1847,96
1848
1849
1850,1681
1851,426
1852,1683
1853,1390
1854,1744
1855,1325
1856,1391
1857,1226
1858,349
1859,429
1860,1332
1861,1229
1862,1398
1863,1393
1864,677
1865,1335
1866,751
1867,1691
1868,1338
1869
1870,1329
1871,1855
1872,744
1873,1225
1874,1330
1875,746
1876,351
1877,1752
1878,590
1879,752
1880,753
1881,1692
1882,1339
1883,1341
1884,355
1885,755
1886,1262
1887,1697
1888,595
1889,927
1890
1891,1195
1892,854
1893,1217
1894,1562
1895,1367
1896,1719
1897,2098
1898,631
1899,1124
1900,859
1901,2078
1902,1570
1903,1032
1904,568
1905,1652
1906,1667
1907,1132
1908,1668
1909,1654
1910,1039
1911
1912,472
1913,474
1914,1154
1915,877
1916,191
1917,1507
1918,1987
1919,1548
1920,195
1921,1251
1922,199
1923,1485
1924,900
1925,1624
1926,1576
1927,203
1928,992
1929,622
1930,90
1931,1199
1932
1933,2090
1934,1711
1935,776
1936,2093
1937,1718
1938,1893
1939,1716
1940,2096
1941,857
1942,2069
1943,2097
1944,1369
1945,542
1946,2020
1947,1571
1948,637
1949,1373
1950,1900
1951,2023
1952,642
1953
1954,603
1955,327
1956,1275
1957,1493
1958,1140
1959,125
1960,940
1961,464
1962,332
1963,1471
1964,1273
1965,870
1966,1534
1967,1147
1968,1977
1969,1501
1970,1145
1971,1152
1972,1243
1973,1980
1974
1975,466
1976,468
1977,1536
1978,943
1979,1241
1980,889
1981,477
1982,473
1983,1502
1984,1503
1985,480
1986,1914
1987,193
1988,898
1989,614
1990,1481
1991,615
1992,1831
1993,1549
1994,198
1995
1996,802
1997,487
1998,410
1999,36
2000,1384
2001,1157
2002,583
2003,1158
2004,811
2005,493
2006,1513
2007,418
2008,836
2009,1165
2010,81
2011,795
2012,391
2013,1519
2014,547
2015,549
2016
2017,540
2018,2072
2019,1566
2020,1125
2021,1126
2022,1663
2023,1767
2024,1650
2025,1374
2026,569
2027,1905
2028,1133
2029,1657
2030,644
2031,1375
2032,1672
2033,1378
2034,1042
2035,719
2036,721
2037
2038,1753
2039,905
2040,754
2041,354
2042,1238
2043,1759
2044,910
2045,1405
2046,680
2047,594
2048,683
2049,1762
2050,1015
2051,1763
2052,1453
2053,1733
2054,1737
2055,1458
2056,935
2057,1460
2058
2059,667
2060,1821
2061,1210
2062,1590
2063,1555
2064,1709
2065,533
2066,959
2067,1558
2068,1366
2069,963
2070,1938
2071,1717
2072,1940
2073,1720
2074,543
2075,1122
2076,1899
2077,635
2078,1569
2079
2080,102
2081,767
2082,1636
2083,1633
2084,1703
2085,1705
2086,1708
2087,528
2088,852
2089,958
2090,957
2091,1117
2092,855
2093,960
2094,1934
2095,1892
2096,1560
2097,1119
2098,1120
2099,1645
2100