Makespan: 2009
Start: 0
End: 321
OPERATIONS SEQUENCE: 
1,2,3,4,5,6,7,8,9,10,11,12,13,14,15,16
17,18,19,20,21,22,23,24,25,26,27,28,29,30,31,32
33,34,35,36,37,38,39,40,41,42,43,44,45,46,47,48
49,50,51,52,53,54,55,56,57,58,59,60,61,62,63,64
65,66,67,68,69,70,71,72,73,74,75,76,77,78,79,80
81,82,83,84,85,86,87,88,89,90,91,92,93,94,95,96
97,98,99,100,101,102,103,104,105,106,107,108,109,110,111,112
113,114,115,116,117,118,119,120,121,122,123,124,125,126,127,128
129,130,131,132,133,134,135,136,137,138,139,140,141,142,143,144
145,146,147,148,149,150,151,152,153,154,155,156,157,158,159,160
161,162,163,164,165,166,167,168,169,170,171,172,173,174,175,176
177,178,179,180,181,182,183,184,185,186,187,188,189,190,191,192
193,194,195,196,197,198,199,200,201,202,203,204,205,206,207,208
209,210,211,212,213,214,215,216,217,218,219,220,221,222,223,224
225,226,227,228,229,230,231,232,233,234,235,236,237,238,239,240
241,242,243,244,245,246,247,248,249,250,251,252,253,254,255,256
257,258,259,260,261,262,263,264,265,266,267,268,269,270,271,272
273,274,275,276,277,278,279,280,281,282,283,284,285,286,287,288
289,290,291,292,293,294,295,296,297,298,299,300,301,302,303,304
305,306,307,308,309,310,311,312,313,314,315,316,317,318,319,320
MACHINE PREDECESSOR INFO: OPERATION, MACHINE PREDECESSOR 
1,147
2,59
3,149
4,46
5,127
6,318
7,72
8,221
9,164
10,156
11,228
12,248
13,294
14,266
15,298
16
17
18
19,210
20,49
21
22,51
23,209
24,35
25,308
26,88
27,309
28,57
29,56
30,311
31,89
32
33
34,19
35,306
36,86
37,211
38,23
39,307
40,54
41,26
42,215
43,66
44,31
45,30
46,67
47,62
48
49
50,82
51,83
52
53,34
54,116
55,24
56,310
57,91
58,122
59,44
60,103
61,315
62,104
63,93
64
65,92
66,101
67,312
68,28
69,148
70,94
71,317
72,107
73,151
74,182
75,193
76,220
77,200
78,276
79,157
80
81
82
83,113
84,17
85
86,114
87,20
88,117
89,119
90,118
91,97
92,55
93,121
94,125
95,129
96
97,115
98,50
99,213
100,38
101,87
102,214
103,41
104,216
105,124
106,45
107,95
108,161
109,74
110,131
111,153
112
113
114,18
115,33
116,212
117
118,52
119,305
120,53
121,100
122,39
123,25
124,65
125,29
126,314
127,69
128
129,313
130,217
131,70
132,162
133,319
134,73
135,6
136,163
137,10
138,77
139,292
140,232
141,262
142,295
143,174
144
145,99
146,40
147,120
148,42
149,105
150,61
151,179
152,106
153,2
154,196
155,109
156,197
157,258
158,187
159,246
160
161,181
162,5
163,4
164,75
165,110
166,274
167,242
168,243
169,203
170,79
171,159
172,233
173,265
174,300
175,14
176
177,68
178,60
179,47
180,126
181,316
182,130
183,195
184,7
185,136
186,9
187,230
188,259
189,250
190,264
191,268
192
193,150
194,178
195,219
196,180
197,71
198,273
199,165
200,289
201,227
202,185
203,184
204,290
205,78
206,139
207,296
208
209
210,81
211
212,21
213,22
214,36
215,27
216,123
217,58
218,177
219,3
220,152
221,133
222,154
223,111
224
225,108
226,183
227,134
228,241
229,76
230,199
231,202
232,261
233,291
234,170
235,171
236,297
237,188
238,15
239,143
240
241,155
242,226
243,201
244,137
245,166
246,204
247,169
248,158
249,205
250,206
251,280
252,263
253,282
254,140
255,237
256
257,225
258,8
259,198
260,167
261,186
262,245
263,293
264,249
265,207
266,189
267,236
268,172
269,13
270,299
271,235
272
273,132
274,222
275,135
276,223
277,229
278,168
279,260
280,138
281,12
282,234
283,267
284,173
285,191
286,301
287,252
288
289,257
290,275
291,244
292,277
293,231
294,278
295,279
296,11
297,247
298,141
299,281
300,190
301,254
302,255
303,253
304
305
306
307,84
308,85
309,98
310,37
311,90
312,145
313,146
314,43
315,102
316,1
317,63
318,218
319,194
320