Makespan: 2125
Start: 0
End: 321
OPERATIONS SEQUENCE: 
1,2,3,4,5,6,7,8,9,10,11,12,13,14,15,16
17,18,19,20,21,22,23,24,25,26,27,28,29,30,31,32
33,34,35,36,37,38,39,40,41,42,43,44,45,46,47,48
49,50,51,52,53,54,55,56,57,58,59,60,61,62,63,64
65,66,67,68,69,70,71,72,73,74,75,76,77,78,79,80
81,82,83,84,85,86,87,88,89,90,91,92,93,94,95,96
97,98,99,100,101,102,103,104,105,106,107,108,109,110,111,112
113,114,115,116,117,118,119,120,121,122,123,124,125,126,127,128
129,130,131,132,133,134,135,136,137,138,139,140,141,142,143,144
145,146,147,148,149,150,151,152,153,154,155,156,157,158,159,160
161,162,163,164,165,166,167,168,169,170,171,172,173,174,175,176
177,178,179,180,181,182,183,184,185,186,187,188,189,190,191,192
193,194,195,196,197,198,199,200,201,202,203,204,205,206,207,208
209,210,211,212,213,214,215,216,217,218,219,220,221,222,223,224
225,226,227,228,229,230,231,232,233,234,235,236,237,238,239,240
241,242,243,244,245,246,247,248,249,250,251,252,253,254,255,256
257,258,259,260,261,262,263,264,265,266,267,268,269,270,271,272
273,274,275,276,277,278,279,280,281,282,283,284,285,286,287,288
289,290,291,292,293,294,295,296,297,298,299,300,301,302,303,304
305,306,307,308,309,310,311,312,313,314,315,316,317,318,319,320
MACHINE PREDECESSOR INFO: OPERATION, MACHINE PREDECESSOR 
1,92
2,25
3,241
4,260
5,206
6,207
7,190
8,103
9,312
10,265
11,314
12,138
13,172
14,316
15,317
16
17,216
18,72
19,74
20,297
21,178
22,89
23,195
24,41
25,303
26,197
27,95
28,43
29,198
30,305
31,47
32
33,289
34,68
35,147
36,213
37,212
38,118
39,218
40,120
41,301
42,21
43,183
44,22
45,124
46,50
47,201
48
49,24
50,185
51,159
52,184
53,259
54,227
55,101
56,245
57,7
58,264
59,169
60,250
61,140
62,170
63,14
64
65
66
67,114
68
69,290
70,279
71,148
72,151
73,36
74,85
75,152
76,296
77,284
78,287
79,286
80
81
82
83,211
84,115
85,37
86,17
87,76
88,295
89,221
90,153
91,222
92,193
93,299
94,194
95,180
96
97,186
98,162
99,51
100,309
101,135
102,205
103,230
104,167
105,168
106,59
107,235
108,60
109,12
110,268
111,318
112
113
114,81
115
116,33
117,291
118,150
119,35
120,18
121,220
122,88
123,87
124,182
125,200
126,27
127,26
128
129,23
130,199
131,28
132,306
133,2
134,3
135,164
136,228
137,263
138,246
139,6
140,8
141,104
142,249
143,237
144
145
146,65
147,82
148,292
149,278
150,70
151,281
152,117
153,73
154,121
155,300
156,123
157,1
158,49
159,130
160
161,157
162,125
163,127
164,203
165,204
166,53
167,242
168,231
169,313
170,266
171,10
172,233
173,251
174,107
175,61
176
177,84
178,283
179,19
180,298
181,79
182,86
183,91
184,40
185,129
186,44
187,29
188,30
189,163
190,31
191,244
192
193,77
194,154
195,122
196,181
197,302
198,93
199,42
200,155
201,156
202,126
203,258
204,52
205,132
206,100
207,166
208
209
210
211
212,273
213,275
214,276
215,67
216,69
217,280
218,149
219,119
220,282
221,71
222,285
223,78
224
225,257
226,131
227,98
228,188
229,99
230,243
231,4
232,137
233,248
234,139
235,315
236,11
237,173
238,106
239,270
240
241,202
242,225
243,261
244,262
245,136
246,310
247,5
248,102
249,9
250,232
251,267
252,105
253,234
254,171
255,236
256
257,196
258,45
259,97
260,307
261,308
262,133
263,189
264,134
265,311
266,247
267,57
268,56
269,142
270,109
271,13
272
273
274,145
275
276,146
277,113
278,66
279,210
280
281,293
282,34
283,294
284,116
285,75
286,20
287,177
288
289,209
290,274
291
292,277
293,83
294,215
295,214
296,217
297,219
298,39
299,38
300,179
301,223
302,90
303,94
304
305,161
306,158
307,46
308,187
309,226
310,165
311,229
312,54
313,191
314,55
315,58
316,141
317,108
318,143
319,253
320