Makespan: 2439
Start: 0
End: 421
OPERATIONS SEQUENCE: 
1,2,3,4,5,6,7,8,9,10,11,12,13,14,15,16,17,18,19,20,21
22,23,24,25,26,27,28,29,30,31,32,33,34,35,36,37,38,39,40,41,42
43,44,45,46,47,48,49,50,51,52,53,54,55,56,57,58,59,60,61,62,63
64,65,66,67,68,69,70,71,72,73,74,75,76,77,78,79,80,81,82,83,84
85,86,87,88,89,90,91,92,93,94,95,96,97,98,99,100,101,102,103,104,105
106,107,108,109,110,111,112,113,114,115,116,117,118,119,120,121,122,123,124,125,126
127,128,129,130,131,132,133,134,135,136,137,138,139,140,141,142,143,144,145,146,147
148,149,150,151,152,153,154,155,156,157,158,159,160,161,162,163,164,165,166,167,168
169,170,171,172,173,174,175,176,177,178,179,180,181,182,183,184,185,186,187,188,189
190,191,192,193,194,195,196,197,198,199,200,201,202,203,204,205,206,207,208,209,210
211,212,213,214,215,216,217,218,219,220,221,222,223,224,225,226,227,228,229,230,231
232,233,234,235,236,237,238,239,240,241,242,243,244,245,246,247,248,249,250,251,252
253,254,255,256,257,258,259,260,261,262,263,264,265,266,267,268,269,270,271,272,273
274,275,276,277,278,279,280,281,282,283,284,285,286,287,288,289,290,291,292,293,294
295,296,297,298,299,300,301,302,303,304,305,306,307,308,309,310,311,312,313,314,315
316,317,318,319,320,321,322,323,324,325,326,327,328,329,330,331,332,333,334,335,336
337,338,339,340,341,342,343,344,345,346,347,348,349,350,351,352,353,354,355,356,357
358,359,360,361,362,363,364,365,366,367,368,369,370,371,372,373,374,375,376,377,378
379,380,381,382,383,384,385,386,387,388,389,390,391,392,393,394,395,396,397,398,399
400,401,402,403,404,405,406,407,408,409,410,411,412,413,414,415,416,417,418,419,420
MACHINE PREDECESSOR INFO: OPERATION, MACHINE PREDECESSOR 
1
2
3
4,85
5,130
6,340
7,302
8,384
9,113
10,158
11,90
12,160
13,401
14,256
15,93
16,190
17,247
18,355
19,263
20,99
21
22,15
23,308
24,66
25,411
26,104
27,218
28,73
29,318
30,414
31,220
32,49
33,366
34,284
35,203
36,324
37,282
38,287
39,326
40,375
41,374
42
43,122
44,312
45,72
46,174
47,28
48,363
49,223
50,222
51,319
52,77
53,79
54,34
55,328
56,35
57,179
58,184
59,331
60,186
61,206
62,333
63
64,257
65,116
66,262
67,404
68,388
69,390
70,193
71,267
72,195
73,269
74,274
75,276
76,48
77,31
78,369
79,323
80,325
81,285
82,181
83,327
84
85
86
87
88,253
89,239
90,155
91,110
92,112
93,133
94,243
95,400
96,353
97,402
98,136
99,137
100,165
101,19
102,213
103,410
104,408
105
106
107,148
108,151
109,234
110,238
111,300
112,296
113,349
114,241
115,343
116,350
117,352
118,11
119,385
120,245
121,164
122,67
123,141
124,140
125,170
126
127,232
128,295
129,2
130,298
131,109
132,347
133,111
134,91
135,64
136,7
137,163
138,97
139,356
140,309
141,265
142,166
143,211
144,264
145,70
146,393
147
148
149
150,338
151,86
152
153,337
154,344
155,345
156,5
157,4
158,87
159,348
160,92
161,115
162,134
163,119
164,95
165,16
166,65
167,214
168
169,266
170,102
171,392
172,316
173,359
174,71
175,197
176,44
177,271
178,47
179,75
180,314
181,367
182,281
183,32
184,80
185,36
186,373
187,230
188,38
189
190,354
191,387
192,138
193,250
194,391
195,409
196,216
197,144
198,394
199,74
200,177
201,365
202,224
203,418
204,227
205,82
206,228
207,332
208,377
209,226
210
211,191
212,100
213,310
214,406
215,192
216,268
217,103
218,43
219,145
220,172
221,360
222,26
223,415
224,364
225,278
226,51
227,283
228,81
229,37
230,55
231
232
233
234
235
236,149
237,3
238
239,153
240,346
241,156
242,6
243,301
244,159
245,305
246,13
247,96
248,403
249,98
250,261
251,405
252
253,237
254,380
255,297
256,89
257,8
258,242
259,114
260,131
261,306
262,246
263,307
264,248
265,23
266,18
267,389
268,407
269,167
270,251
271,27
272,361
273
274,146
275,173
276,317
277,396
278,362
279,200
280,398
281,368
282,76
283,417
284,419
285,416
286,322
287,53
288,371
289,83
290,205
291,39
292,372
293,56
294
295,106
296,339
297,235
298,341
299,379
300,150
301,154
302,381
303,88
304,383
305,10
306,117
307,161
308,244
309,14
310,135
311,121
312,215
313,358
314,25
315
316,412
317,196
318,395
319,275
320,221
321,46
322,178
323,272
324,225
325,202
326,78
327,183
328,33
329,370
330,54
331,288
332,182
333,290
334,229
335,60
336
337
338
339,233
340
341
342,107
343,127
344,129
345,299
346,152
347,108
348,1
349,254
350,303
351,255
352,157
353,382
354,260
355,162
356,120
357
358,169
359,24
360,171
361,413
362,45
363,175
364,277
365,125
366,199
367,397
368,50
369,176
370,279
371,180
372,52
373,280
374,204
375,57
376,289
377,286
378
379
380,236
381,342
382,128
383,132
384,240
385,351
386,94
387,12
388,259
389,139
390,212
391,101
392,142
393,311
394,124
395,313
396,270
397,217
398,30
399
400,258
401,304
402,9
403,118
404,386
405,22
406,17
407,249
408,68
409,20
410,123
411,69
412,194
413,143
414,219
415,198
416,29
417,321
418,320
419,201
420