Makespan: 2348
Start: 0
End: 421
OPERATIONS SEQUENCE: 
1,2,3,4,5,6,7,8,9,10,11,12,13,14,15,16,17,18,19,20,21
22,23,24,25,26,27,28,29,30,31,32,33,34,35,36,37,38,39,40,41,42
43,44,45,46,47,48,49,50,51,52,53,54,55,56,57,58,59,60,61,62,63
64,65,66,67,68,69,70,71,72,73,74,75,76,77,78,79,80,81,82,83,84
85,86,87,88,89,90,91,92,93,94,95,96,97,98,99,100,101,102,103,104,105
106,107,108,109,110,111,112,113,114,115,116,117,118,119,120,121,122,123,124,125,126
127,128,129,130,131,132,133,134,135,136,137,138,139,140,141,142,143,144,145,146,147
148,149,150,151,152,153,154,155,156,157,158,159,160,161,162,163,164,165,166,167,168
169,170,171,172,173,174,175,176,177,178,179,180,181,182,183,184,185,186,187,188,189
190,191,192,193,194,195,196,197,198,199,200,201,202,203,204,205,206,207,208,209,210
211,212,213,214,215,216,217,218,219,220,221,222,223,224,225,226,227,228,229,230,231
232,233,234,235,236,237,238,239,240,241,242,243,244,245,246,247,248,249,250,251,252
253,254,255,256,257,258,259,260,261,262,263,264,265,266,267,268,269,270,271,272,273
274,275,276,277,278,279,280,281,282,283,284,285,286,287,288,289,290,291,292,293,294
295,296,297,298,299,300,301,302,303,304,305,306,307,308,309,310,311,312,313,314,315
316,317,318,319,320,321,322,323,324,325,326,327,328,329,330,331,332,333,334,335,336
337,338,339,340,341,342,343,344,345,346,347,348,349,350,351,352,353,354,355,356,357
358,359,360,361,362,363,364,365,366,367,368,369,370,371,372,373,374,375,376,377,378
379,380,381,382,383,384,385,386,387,388,389,390,391,392,393,394,395,396,397,398,399
400,401,402,403,404,405,406,407,408,409,410,411,412,413,414,415,416,417,418,419,420
MACHINE PREDECESSOR INFO: OPERATION, MACHINE PREDECESSOR 
1,233
2,415
3,104
4,360
5,359
6,324
7,122
8,137
9,284
10,313
11,247
12,328
13,369
14,329
15,248
16,332
17,288
18,142
19,394
20,289
21
22
23,85
24
25,106
26,169
27,173
28,400
29,296
30,175
31,194
32,402
33,152
34,153
35,156
36,49
37,201
38,53
39,269
40,410
41,411
42
43,88
44,190
45,90
46,258
47,298
48,195
49,299
50,112
51,179
52,268
53,203
54,408
55,185
56,412
57,102
58,321
59,272
60,208
61,361
62,380
63
64,207
65,1
66,351
67,60
68,3
69,244
70,382
71,367
72,243
73,388
74,283
75,6
76,125
77,139
78,12
79,249
80,14
81,390
82,250
83,292
84
85
86
87
88
89,254
90
91,28
92,192
93,337
94,30
95,110
96,48
97,196
98,264
99,182
100,225
101,227
102,37
103,206
104,237
105
106
107,170
108,87
109,256
110,26
111,91
112,176
113,261
114,177
115,220
116,222
117,301
118,40
119,306
120,188
121,235
122,308
123,135
124,311
125,385
126
127,99
128,346
129,228
130,101
131,305
132,120
133,239
134,379
135,5
136,165
137,366
138,354
139,387
140,330
141,287
142,373
143,333
144,374
145,81
146,396
147
148,24
149,109
150,89
151,338
152,108
153,46
154,217
155,94
156,316
157,221
158,51
159,202
160,319
161,100
162,56
163,322
164,418
165,325
166,279
167,363
168
169
170
171
172
173
174,23
175,211
176,295
177,212
178,403
179,197
180,96
181,199
182,34
183,116
184,343
185,344
186,52
187,157
188,304
189
190,107
191,214
192,149
193,45
194,150
195,25
196,339
197,113
198,154
199,263
200,155
201,178
202,317
203,265
204,342
205,186
206,41
207,274
208,236
209,358
210
211
212,86
213,22
214
215
216,27
217,174
218,401
219,259
220,31
221,341
222,300
223,405
224,50
225,32
226,318
227,158
228,345
229,270
230,128
231
232,39
233,130
234,320
235,57
236,161
237,348
238,275
239,119
240,417
241,277
242,163
243,278
244,416
245,134
246,386
247,368
248,285
249,8
250,370
251,393
252
253
254
255
256,172
257,171
258,191
259,44
260,297
261,29
262,93
263,151
264,218
265,114
266,200
267,180
268,223
269,183
270,204
271,160
272,117
273
274,55
275,414
276,307
277,350
278,209
279,2
280,353
281,383
282,419
283,136
284,62
285,167
286,69
287,73
288,71
289,70
290,389
291,78
292,372
293,80
294
295,253
296
297,215
298,111
299,92
300,340
301,198
302,267
303,184
304,159
305,38
306,271
307,205
308,234
309,118
310,241
311,280
312,68
313,327
314,123
315
316,219
317,404
318,181
319,406
320,347
321,303
322,230
323,65
324,238
325,4
326,352
327,245
328,246
329,138
330,72
331,314
332,76
333,13
334,15
335,77
336
337,213
338,43
339,216
340,193
341,47
342,95
343,115
344,98
345,36
346,409
347,54
348,407
349,131
350,413
351,103
352,276
353,67
354,381
355,282
356,74
357
358,187
359,64
360,121
361,133
362,240
363,66
364,164
365,310
366,281
367,384
368,326
369,124
370,9
371,75
372,10
373,391
374,290
375,335
376,141
377,397
378
379,162
380,132
381,362
382,61
383,309
384,242
385,365
386,364
387,166
388,7
389,312
390,11
391,286
392,356
393,331
394,140
395,371
396,334
397,355
398,143
399
400,255
401,148
402,257
403,260
404,262
405,33
406,97
407,35
408,266
409,302
410,226
411,224
412,229
413,127
414,129
415,232
416,58
417,59
418,349
419,323
420