Makespan: 3223
Start: 0
End: 481
OPERATIONS SEQUENCE: 
1,2,3,4,5,6,7,8,9,10,11,12,13,14,15,16
17,18,19,20,21,22,23,24,25,26,27,28,29,30,31,32
33,34,35,36,37,38,39,40,41,42,43,44,45,46,47,48
49,50,51,52,53,54,55,56,57,58,59,60,61,62,63,64
65,66,67,68,69,70,71,72,73,74,75,76,77,78,79,80
81,82,83,84,85,86,87,88,89,90,91,92,93,94,95,96
97,98,99,100,101,102,103,104,105,106,107,108,109,110,111,112
113,114,115,116,117,118,119,120,121,122,123,124,125,126,127,128
129,130,131,132,133,134,135,136,137,138,139,140,141,142,143,144
145,146,147,148,149,150,151,152,153,154,155,156,157,158,159,160
161,162,163,164,165,166,167,168,169,170,171,172,173,174,175,176
177,178,179,180,181,182,183,184,185,186,187,188,189,190,191,192
193,194,195,196,197,198,199,200,201,202,203,204,205,206,207,208
209,210,211,212,213,214,215,216,217,218,219,220,221,222,223,224
225,226,227,228,229,230,231,232,233,234,235,236,237,238,239,240
241,242,243,244,245,246,247,248,249,250,251,252,253,254,255,256
257,258,259,260,261,262,263,264,265,266,267,268,269,270,271,272
273,274,275,276,277,278,279,280,281,282,283,284,285,286,287,288
289,290,291,292,293,294,295,296,297,298,299,300,301,302,303,304
305,306,307,308,309,310,311,312,313,314,315,316,317,318,319,320
321,322,323,324,325,326,327,328,329,330,331,332,333,334,335,336
337,338,339,340,341,342,343,344,345,346,347,348,349,350,351,352
353,354,355,356,357,358,359,360,361,362,363,364,365,366,367,368
369,370,371,372,373,374,375,376,377,378,379,380,381,382,383,384
385,386,387,388,389,390,391,392,393,394,395,396,397,398,399,400
401,402,403,404,405,406,407,408,409,410,411,412,413,414,415,416
417,418,419,420,421,422,423,424,425,426,427,428,429,430,431,432
433,434,435,436,437,438,439,440,441,442,443,444,445,446,447,448
449,450,451,452,453,454,455,456,457,458,459,460,461,462,463,464
465,466,467,468,469,470,471,472,473,474,475,476,477,478,479,480
MACHINE PREDECESSOR INFO: OPERATION, MACHINE PREDECESSOR 
1,236
2,344
3,403
4,435
5,406
6,409
7,147
8,125
9,327
10,148
11,141
12,49
13,51
14,394
15,431
16
17,428
18,330
19,178
20,260
21,262
22,52
23,399
24,98
25,355
26,373
27,58
28,360
29,358
30,76
31,63
32
33
34,81
35
36,241
37,243
38,450
39,289
40,276
41,216
42,89
43,92
44,339
45,170
46,340
47,94
48
49,466
50,392
51,429
52,154
53,396
54,158
55,159
56,24
57,71
58,357
59,375
60,269
61,198
62,474
63,476
64
65,467
66,177
67,261
68,334
69,397
70,182
71,99
72,195
73,184
74,194
75,59
76,197
77,475
78,60
79,380
80
81
82
83,226
84
85,209
86,227
87,213
88,246
89,166
90,296
91,168
92,459
93,298
94,282
95,130
96
97,157
98,67
99,398
100,54
101,193
102,183
103,267
104,372
105,74
106,377
107,203
108,77
109,204
110,364
111,382
112
113,462
114,461
115,45
116,302
117,235
118,47
119,285
120,434
121,135
122,385
123,437
124,315
125,387
126,410
127,317
128
129,43
130,221
131,233
132,173
133,307
134,116
135,234
136,174
137,4
138,436
139,314
140,440
141,257
142,443
143,329
144
145,137
146,386
147,422
148,139
149,8
150,328
151,413
152,9
153,142
154,143
155,11
156,369
157,181
158,14
159,335
160
161,34
162,84
163,275
164,274
165,35
166,452
167,277
168,218
169,217
170,229
171,40
172,401
173,341
174,46
175,284
176
177,151
178,465
179,332
180,17
181,18
182,468
183,22
184,471
185,265
186,356
187,72
188,103
189,29
190,361
191,381
192
193,353
194,264
195,55
196,371
197,186
198,73
199,26
200,376
201,271
202,270
203,62
204,378
205,189
206,188
207,191
208
209
210,242
211,244
212,38
213,291
214,453
215,162
216,247
217,248
218,249
219,295
220,250
221,231
222,463
223,254
224
225
226,449
227,33
228,451
229,457
230,41
231,252
232,280
233,301
234,222
235,223
236,402
237,132
238,118
239,321
240
241
242
243
244,83
245,273
246,212
247,163
248,454
249,456
250,228
251,215
252,297
253,337
254,129
255,115
256
257,441
258,326
259,447
260,391
261,393
262,179
263,333
264,53
265,354
266,100
267,25
268,374
269,196
270,473
271,104
272
273,225
274,36
275,82
276,211
277,290
278,165
279,88
280,91
281,87
282,338
283,42
284,253
285,342
286,309
287,404
288
289
290
291,37
292,210
293
294,85
295,455
296,214
297,458
298,164
299,279
300,220
301,44
302,171
303,305
304
305,114
306,300
307,232
308,255
309,131
310,172
311,175
312,346
313,120
314,439
315,136
316,411
317,146
318,7
319,388
320
321,310
322,405
323,438
324,316
325,124
326,351
327,412
328,424
329,319
330,389
331,318
332,427
333,50
334,180
335,20
336
337,219
338,169
339,460
340,90
341,299
342,306
343,95
344,133
345,433
346,134
347,239
348,1
349,417
350,121
351,145
352
353,21
354,13
355,69
356,470
357,70
358,266
359,268
360,57
361,200
362,379
363,106
364,61
365,78
366,31
367,79
368
369,12
370,430
371,97
372,15
373,185
374,68
375,101
376,472
377,187
378,27
379,105
380,202
381,28
382,30
383,205
384
385,286
386,322
387,138
388,423
389,140
390,10
391,444
392,153
393,331
394,65
395,66
396,19
397,156
398,469
399,370
400
401,113
402,283
403,303
404,308
405,343
406,119
407,238
408,345
409,313
410,418
411,350
412,421
413,323
414,442
415,149
416
417,3
418,2
419,347
420,5
421,122
422,408
423,123
424,6
425,324
426,414
427,390
428,415
429,445
430,258
431,395
432
433,117
434,237
435,287
436,311
437,348
438,312
439,407
440,349
441,419
442,325
443,420
444,126
445,127
446,425
447,152
448
449
450
451,161
452,292
453,245
454,293
455,86
456,39
457,294
458,278
459,167
460,251
461,230
462,281
463,93
464
465,150
466,426
467,446
468,259
469,155
470,263
471,23
472,56
473,102
474,359
475,199
476,201
477,75
478,363
479,365
480