Makespan: 1655
Start: 0
End: 241
OPERATIONS SEQUENCE: 
1,2,3,4,5,6,7,8,9,10,11,12,13,14,15,16
17,18,19,20,21,22,23,24,25,26,27,28,29,30,31,32
33,34,35,36,37,38,39,40,41,42,43,44,45,46,47,48
49,50,51,52,53,54,55,56,57,58,59,60,61,62,63,64
65,66,67,68,69,70,71,72,73,74,75,76,77,78,79,80
81,82,83,84,85,86,87,88,89,90,91,92,93,94,95,96
97,98,99,100,101,102,103,104,105,106,107,108,109,110,111,112
113,114,115,116,117,118,119,120,121,122,123,124,125,126,127,128
129,130,131,132,133,134,135,136,137,138,139,140,141,142,143,144
145,146,147,148,149,150,151,152,153,154,155,156,157,158,159,160
161,162,163,164,165,166,167,168,169,170,171,172,173,174,175,176
177,178,179,180,181,182,183,184,185,186,187,188,189,190,191,192
193,194,195,196,197,198,199,200,201,202,203,204,205,206,207,208
209,210,211,212,213,214,215,216,217,218,219,220,221,222,223,224
225,226,227,228,229,230,231,232,233,234,235,236,237,238,239,240
MACHINE PREDECESSOR INFO: OPERATION, MACHINE PREDECESSOR 
1
2
3,66
4
5,194
6,86
7,226
8,57
9,179
10,89
11,181
12,40
13,162
14,42
15,151
16
17,84
18,33
19,228
20,35
21,69
22,37
23,72
24,88
25,182
26,93
27,44
28,239
29,115
30,203
31,207
32
33,225
34,83
35
36,177
37,71
38,70
39,232
40,24
41,197
42,184
43,63
44,150
45,95
46,153
47,103
48
49
50
51
52,34
53,68
54,1
55,231
56,19
57,36
58,38
59,145
60,147
61,39
62,6
63,79
64
65
66
67
68,82
69,51
70,81
71,4
72,229
73,20
74,195
75,7
76,54
77,196
78,91
79,149
80
81
82
83
84
85,50
86,18
87,56
88,55
89,21
90,59
91,146
92,209
93,61
94,198
95,185
96
97,25
98,13
99,131
100,152
101,26
102,166
103,186
104,133
105,45
106,132
107,168
108,136
109,159
110,190
111,122
112
113,167
114,105
115,104
116,216
117,106
118,155
119,157
120,28
121,156
122,135
123,219
124,139
125,110
126,108
127,174
128
129,41
130,211
131,212
132,237
133,214
134,202
135,187
136,217
137,118
138,205
139,220
140,189
141,31
142,191
143,109
144
145,73
146,8
147,233
148,74
149,180
150,92
151,97
152,200
153,199
154,102
155,101
156,47
157,98
158,114
159,218
160
161,235
162,210
163,62
164,43
165,94
166,213
167,201
168,46
169,134
170,204
171,137
172,138
173,29
174,30
175,121
176
177,227
178,193
179,53
180,5
181,90
182,234
183,10
184,148
185,161
186,130
187,215
188,113
189,116
190,172
191,206
192
193,3
194,17
195,230
196,87
197,9
198,60
199,236
200,163
201,12
202,15
203,99
204,117
205,27
206,119
207,221
208
209,75
210,23
211,77
212,78
213,129
214,14
215,165
216,100
217,238
218,188
219,169
220,107
221,158
222,170
223,171
224
225,65
226,49
227
228,2
229,52
230,85
231,67
232,178
233,22
234,58
235,76
236,183
237,11
238,164
239,154
240