Makespan: 11870
Start: 0
End: 2101
OPERATIONS SEQUENCE: 
1,2,3,4,5,6,7,8,9,10,11,12,13,14,15,16,17,18,19,20,21
22,23,24,25,26,27,28,29,30,31,32,33,34,35,36,37,38,39,40,41,42
43,44,45,46,47,48,49,50,51,52,53,54,55,56,57,58,59,60,61,62,63
64,65,66,67,68,69,70,71,72,73,74,75,76,77,78,79,80,81,82,83,84
85,86,87,88,89,90,91,92,93,94,95,96,97,98,99,100,101,102,103,104,105
106,107,108,109,110,111,112,113,114,115,116,117,118,119,120,121,122,123,124,125,126
127,128,129,130,131,132,133,134,135,136,137,138,139,140,141,142,143,144,145,146,147
148,149,150,151,152,153,154,155,156,157,158,159,160,161,162,163,164,165,166,167,168
169,170,171,172,173,174,175,176,177,178,179,180,181,182,183,184,185,186,187,188,189
190,191,192,193,194,195,196,197,198,199,200,201,202,203,204,205,206,207,208,209,210
211,212,213,214,215,216,217,218,219,220,221,222,223,224,225,226,227,228,229,230,231
232,233,234,235,236,237,238,239,240,241,242,243,244,245,246,247,248,249,250,251,252
253,254,255,256,257,258,259,260,261,262,263,264,265,266,267,268,269,270,271,272,273
274,275,276,277,278,279,280,281,282,283,284,285,286,287,288,289,290,291,292,293,294
295,296,297,298,299,300,301,302,303,304,305,306,307,308,309,310,311,312,313,314,315
316,317,318,319,320,321,322,323,324,325,326,327,328,329,330,331,332,333,334,335,336
337,338,339,340,341,342,343,344,345,346,347,348,349,350,351,352,353,354,355,356,357
358,359,360,361,362,363,364,365,366,367,368,369,370,371,372,373,374,375,376,377,378
379,380,381,382,383,384,385,386,387,388,389,390,391,392,393,394,395,396,397,398,399
400,401,402,403,404,405,406,407,408,409,410,411,412,413,414,415,416,417,418,419,420
421,422,423,424,425,426,427,428,429,430,431,432,433,434,435,436,437,438,439,440,441
442,443,444,445,446,447,448,449,450,451,452,453,454,455,456,457,458,459,460,461,462
463,464,465,466,467,468,469,470,471,472,473,474,475,476,477,478,479,480,481,482,483
484,485,486,487,488,489,490,491,492,493,494,495,496,497,498,499,500,501,502,503,504
505,506,507,508,509,510,511,512,513,514,515,516,517,518,519,520,521,522,523,524,525
526,527,528,529,530,531,532,533,534,535,536,537,538,539,540,541,542,543,544,545,546
547,548,549,550,551,552,553,554,555,556,557,558,559,560,561,562,563,564,565,566,567
568,569,570,571,572,573,574,575,576,577,578,579,580,581,582,583,584,585,586,587,588
589,590,591,592,593,594,595,596,597,598,599,600,601,602,603,604,605,606,607,608,609
610,611,612,613,614,615,616,617,618,619,620,621,622,623,624,625,626,627,628,629,630
631,632,633,634,635,636,637,638,639,640,641,642,643,644,645,646,647,648,649,650,651
652,653,654,655,656,657,658,659,660,661,662,663,664,665,666,667,668,669,670,671,672
673,674,675,676,677,678,679,680,681,682,683,684,685,686,687,688,689,690,691,692,693
694,695,696,697,698,699,700,701,702,703,704,705,706,707,708,709,710,711,712,713,714
715,716,717,718,719,720,721,722,723,724,725,726,727,728,729,730,731,732,733,734,735
736,737,738,739,740,741,742,743,744,745,746,747,748,749,750,751,752,753,754,755,756
757,758,759,760,761,762,763,764,765,766,767,768,769,770,771,772,773,774,775,776,777
778,779,780,781,782,783,784,785,786,787,788,789,790,791,792,793,794,795,796,797,798
799,800,801,802,803,804,805,806,807,808,809,810,811,812,813,814,815,816,817,818,819
820,821,822,823,824,825,826,827,828,829,830,831,832,833,834,835,836,837,838,839,840
841,842,843,844,845,846,847,848,849,850,851,852,853,854,855,856,857,858,859,860,861
862,863,864,865,866,867,868,869,870,871,872,873,874,875,876,877,878,879,880,881,882
883,884,885,886,887,888,889,890,891,892,893,894,895,896,897,898,899,900,901,902,903
904,905,906,907,908,909,910,911,912,913,914,915,916,917,918,919,920,921,922,923,924
925,926,927,928,929,930,931,932,933,934,935,936,937,938,939,940,941,942,943,944,945
946,947,948,949,950,951,952,953,954,955,956,957,958,959,960,961,962,963,964,965,966
967,968,969,970,971,972,973,974,975,976,977,978,979,980,981,982,983,984,985,986,987
988,989,990,991,992,993,994,995,996,997,998,999,1000,1001,1002,1003,1004,1005,1006,1007,1008
1009,1010,1011,1012,1013,1014,1015,1016,1017,1018,1019,1020,1021,1022,1023,1024,1025,1026,1027,1028,1029
1030,1031,1032,1033,1034,1035,1036,1037,1038,1039,1040,1041,1042,1043,1044,1045,1046,1047,1048,1049,1050
1051,1052,1053,1054,1055,1056,1057,1058,1059,1060,1061,1062,1063,1064,1065,1066,1067,1068,1069,1070,1071
1072,1073,1074,1075,1076,1077,1078,1079,1080,1081,1082,1083,1084,1085,1086,1087,1088,1089,1090,1091,1092
1093,1094,1095,1096,1097,1098,1099,1100,1101,1102,1103,1104,1105,1106,1107,1108,1109,1110,1111,1112,1113
1114,1115,1116,1117,1118,1119,1120,1121,1122,1123,1124,1125,1126,1127,1128,1129,1130,1131,1132,1133,1134
1135,1136,1137,1138,1139,1140,1141,1142,1143,1144,1145,1146,1147,1148,1149,1150,1151,1152,1153,1154,1155
1156,1157,1158,1159,1160,1161,1162,1163,1164,1165,1166,1167,1168,1169,1170,1171,1172,1173,1174,1175,1176
1177,1178,1179,1180,1181,1182,1183,1184,1185,1186,1187,1188,1189,1190,1191,1192,1193,1194,1195,1196,1197
1198,1199,1200,1201,1202,1203,1204,1205,1206,1207,1208,1209,1210,1211,1212,1213,1214,1215,1216,1217,1218
1219,1220,1221,1222,1223,1224,1225,1226,1227,1228,1229,1230,1231,1232,1233,1234,1235,1236,1237,1238,1239
1240,1241,1242,1243,1244,1245,1246,1247,1248,1249,1250,1251,1252,1253,1254,1255,1256,1257,1258,1259,1260
1261,1262,1263,1264,1265,1266,1267,1268,1269,1270,1271,1272,1273,1274,1275,1276,1277,1278,1279,1280,1281
1282,1283,1284,1285,1286,1287,1288,1289,1290,1291,1292,1293,1294,1295,1296,1297,1298,1299,1300,1301,1302
1303,1304,1305,1306,1307,1308,1309,1310,1311,1312,1313,1314,1315,1316,1317,1318,1319,1320,1321,1322,1323
1324,1325,1326,1327,1328,1329,1330,1331,1332,1333,1334,1335,1336,1337,1338,1339,1340,1341,1342,1343,1344
1345,1346,1347,1348,1349,1350,1351,1352,1353,1354,1355,1356,1357,1358,1359,1360,1361,1362,1363,1364,1365
1366,1367,1368,1369,1370,1371,1372,1373,1374,1375,1376,1377,1378,1379,1380,1381,1382,1383,1384,1385,1386
1387,1388,1389,1390,1391,1392,1393,1394,1395,1396,1397,1398,1399,1400,1401,1402,1403,1404,1405,1406,1407
1408,1409,1410,1411,1412,1413,1414,1415,1416,1417,1418,1419,1420,1421,1422,1423,1424,1425,1426,1427,1428
1429,1430,1431,1432,1433,1434,1435,1436,1437,1438,1439,1440,1441,1442,1443,1444,1445,1446,1447,1448,1449
1450,1451,1452,1453,1454,1455,1456,1457,1458,1459,1460,1461,1462,1463,1464,1465,1466,1467,1468,1469,1470
1471,1472,1473,1474,1475,1476,1477,1478,1479,1480,1481,1482,1483,1484,1485,1486,1487,1488,1489,1490,1491
1492,1493,1494,1495,1496,1497,1498,1499,1500,1501,1502,1503,1504,1505,1506,1507,1508,1509,1510,1511,1512
1513,1514,1515,1516,1517,1518,1519,1520,1521,1522,1523,1524,1525,1526,1527,1528,1529,1530,1531,1532,1533
1534,1535,1536,1537,1538,1539,1540,1541,1542,1543,1544,1545,1546,1547,1548,1549,1550,1551,1552,1553,1554
1555,1556,1557,1558,1559,1560,1561,1562,1563,1564,1565,1566,1567,1568,1569,1570,1571,1572,1573,1574,1575
1576,1577,1578,1579,1580,1581,1582,1583,1584,1585,1586,1587,1588,1589,1590,1591,1592,1593,1594,1595,1596
1597,1598,1599,1600,1601,1602,1603,1604,1605,1606,1607,1608,1609,1610,1611,1612,1613,1614,1615,1616,1617
1618,1619,1620,1621,1622,1623,1624,1625,1626,1627,1628,1629,1630,1631,1632,1633,1634,1635,1636,1637,1638
1639,1640,1641,1642,1643,1644,1645,1646,1647,1648,1649,1650,1651,1652,1653,1654,1655,1656,1657,1658,1659
1660,1661,1662,1663,1664,1665,1666,1667,1668,1669,1670,1671,1672,1673,1674,1675,1676,1677,1678,1679,1680
1681,1682,1683,1684,1685,1686,1687,1688,1689,1690,1691,1692,1693,1694,1695,1696,1697,1698,1699,1700,1701
1702,1703,1704,1705,1706,1707,1708,1709,1710,1711,1712,1713,1714,1715,1716,1717,1718,1719,1720,1721,1722
1723,1724,1725,1726,1727,1728,1729,1730,1731,1732,1733,1734,1735,1736,1737,1738,1739,1740,1741,1742,1743
1744,1745,1746,1747,1748,1749,1750,1751,1752,1753,1754,1755,1756,1757,1758,1759,1760,1761,1762,1763,1764
1765,1766,1767,1768,1769,1770,1771,1772,1773,1774,1775,1776,1777,1778,1779,1780,1781,1782,1783,1784,1785
1786,1787,1788,1789,1790,1791,1792,1793,1794,1795,1796,1797,1798,1799,1800,1801,1802,1803,1804,1805,1806
1807,1808,1809,1810,1811,1812,1813,1814,1815,1816,1817,1818,1819,1820,1821,1822,1823,1824,1825,1826,1827
1828,1829,1830,1831,1832,1833,1834,1835,1836,1837,1838,1839,1840,1841,1842,1843,1844,1845,1846,1847,1848
1849,1850,1851,1852,1853,1854,1855,1856,1857,1858,1859,1860,1861,1862,1863,1864,1865,1866,1867,1868,1869
1870,1871,1872,1873,1874,1875,1876,1877,1878,1879,1880,1881,1882,1883,1884,1885,1886,1887,1888,1889,1890
1891,1892,1893,1894,1895,1896,1897,1898,1899,1900,1901,1902,1903,1904,1905,1906,1907,1908,1909,1910,1911
1912,1913,1914,1915,1916,1917,1918,1919,1920,1921,1922,1923,1924,1925,1926,1927,1928,1929,1930,1931,1932
1933,1934,1935,1936,1937,1938,1939,1940,1941,1942,1943,1944,1945,1946,1947,1948,1949,1950,1951,1952,1953
1954,1955,1956,1957,1958,1959,1960,1961,1962,1963,1964,1965,1966,1967,1968,1969,1970,1971,1972,1973,1974
1975,1976,1977,1978,1979,1980,1981,1982,1983,1984,1985,1986,1987,1988,1989,1990,1991,1992,1993,1994,1995
1996,1997,1998,1999,2000,2001,2002,2003,2004,2005,2006,2007,2008,2009,2010,2011,2012,2013,2014,2015,2016
2017,2018,2019,2020,2021,2022,2023,2024,2025,2026,2027,2028,2029,2030,2031,2032,2033,2034,2035,2036,2037
2038,2039,2040,2041,2042,2043,2044,2045,2046,2047,2048,2049,2050,2051,2052,2053,2054,2055,2056,2057,2058
2059,2060,2061,2062,2063,2064,2065,2066,2067,2068,2069,2070,2071,2072,2073,2074,2075,2076,2077,2078,2079
2080,2081,2082,2083,2084,2085,2086,2087,2088,2089,2090,2091,2092,2093,2094,2095,2096,2097,2098,2099,2100
MACHINE PREDECESSOR INFO: OPERATION, MACHINE PREDECESSOR 
1,470
2,1273
3,734
4,1708
5,1274
6,87
7,1325
8,1329
9,2007
10,569
11,1720
12,1346
13,696
14,96
15,1348
16,80
17,402
18,404
19,2045
20,2047
21
22,1383
23,994
24,1693
25,387
26,720
27,388
28,1916
29,802
30,390
31,979
32,807
33,1266
34,1921
35,469
36,1705
37,67
38,1628
39,1007
40,1632
41,2003
42
43,2035
44,1666
45,431
46,1566
47,1182
48,1568
49,1597
50,242
51,1600
52,1673
53,862
54,1846
55,114
56,116
57,1012
58,552
59,119
60,1013
61,1452
62,120
63
64,1619
65,33
66,185
67,1702
68,1002
69,36
70,731
71,476
72,1631
73,1633
74,1276
75,2004
76,1727
77,91
78,2008
79,1472
80,1332
81,2044
82,2043
83,2013
84
85,1707
86,38
87,70
88,1630
89,1634
90,40
91,39
92,1279
93,1730
94,9
95,8
96,1331
97,79
98,1721
99,1734
100,15
101,2014
102,701
103,1355
104,1484
105
106,1562
107,334
108,1835
109,433
110,1567
111,2094
112,1184
113,51
114,1677
115,1450
116,1189
117,867
118,1011
119,1609
120,865
121,129
122,1311
123,1016
124,905
125,206
126
127,54
128,56
129,204
130,58
131,1453
132,904
133,589
134,591
135,555
136,906
137,908
138,1459
139,877
140,878
141,1220
142,603
143,1465
144,359
145,1544
146,1817
147
148,655
149,1244
150,1245
151,217
152,1540
153,143
154,1543
155,657
156,1469
157,146
158,923
159,662
160,1227
161,949
162,926
163,2064
164,664
165,2063
166,366
167,950
168
169,669
170,1156
171,954
172,676
173,939
174,942
175,1645
176,1167
177,1374
178,381
179,991
180,973
181,718
182,801
183,26
184,30
185,394
186,1699
187,1405
188,32
189
190,331
191,1661
192,1123
193,1124
194,106
195,1664
196,1128
197,1839
198,1129
199,1843
200,1842
201,1571
202,1604
203,1847
204,2098
205,550
206,868
207,1455
208,1241
209,595
210
211,910
212,593
213,208
214,911
215,1022
216,879
217,1814
218,1537
219,917
220,1815
221,358
222,1467
223,1819
224,1229
225,1253
226,160
227,928
228,1282
229,170
230,932
231
232,2033
233,1421
234,330
235,795
236,1886
237,1887
238,1833
239,191
240,1181
241,1669
242,109
243,1841
244,2093
245,1570
246,1601
247,52
248,1573
249,1305
250,1307
251,118
252
253
254
255
256
257,1514
258,1030
259,299
260,1893
261,738
262,511
263,1976
264,510
265,303
266,740
267,513
268,447
269,1788
270,1038
271,742
272,309
273
274,618
275,1501
276,938
277,1507
278,1291
279,621
280,681
281,1649
282,965
283,1683
284,177
285,1510
286,1296
287,686
288,1511
289,1654
290,385
291,1690
292,1384
293,181
294
295
296,253
297,255
298,1892
299
300,443
301,485
302,509
303,1516
304,261
305,266
306,1979
307,1787
308,493
309,1431
310,529
311,1042
312,530
313,1904
314,1793
315
316,784
317,849
318,785
319,2018
320,1968
321,1868
322,1969
323,1415
324,2081
325,789
326,2029
327,1882
328,2084
329,1422
330,1884
331,1660
332,792
333,233
334,1665
335,237
336
337,1804
338,1531
339,649
340,1753
341,1202
342,1209
343,760
344,1073
345,1585
346,758
347,1076
348,1769
349,1759
350,835
351,1849
352,1762
353,761
354,1951
355,1956
356,767
357
358,1464
359,1224
360,1249
361,658
362,659
363,1251
364,948
365,2061
366,1493
367,163
368,227
369,927
370,1283
371,1157
372,2074
373,935
374,1160
375,1161
376,2077
377,1500
378
379,961
380,1387
381,1170
382,627
383,1391
384,629
385,1685
386,1298
387,179
388,800
389,1401
390,998
391,1656
392,809
393,465
394,467
395,1618
396,812
397,1621
398,188
399
400,92
401,2041
402,1473
403,574
404,573
405,2046
406,1350
407,99
408,83
409,1353
410,1481
411,702
412,1480
413,705
414,1482
415,580
416,1358
417,1356
418,709
419,1343
420
421,1966
422,2080
423,1878
424,1972
425,858
426,1119
427,2030
428,327
429,1830
430,1563
431,234
432,43
433,1667
434,107
435,108
436,2092
437,241
438,2091
439,1569
440,1844
441
442
443
444,296
445,298
446,256
447,1895
448,487
449,1978
450,737
451,1034
452,1520
453,526
454,1037
455,308
456,1900
457,1985
458,1045
459,1986
460,533
461,820
462
463,974
464,690
465,977
466,1917
467,29
468,980
469,1000
470,1920
471,729
472,398
473,815
474,1626
475,730
476,1928
477,733
478,3
479,1726
480,6
481,1716
482,1471
483
484
485
486,1894
487,736
488
489,302
490,265
491,450
492,1980
493,1789
494,1981
495,518
496,1983
497,745
498,454
499,457
500,1046
501,1905
502,1795
503,1989
504
505
506
507,297
508,484
509
510,1032
511,1975
512,258
513,295
514,1033
515,449
516,448
517,260
518,1786
519,269
520,1429
521,744
522,1430
523,1523
524,747
525
526,267
527,516
528,270
529,1901
530,521
531,1044
532,1436
533,750
534,501
535,1798
536,751
537,634
538,1052
539,1908
540,754
541,1801
542,638
543,1095
544,1935
545,1199
546
547,439
548,1132
549,1133
550,1679
551,1605
552,115
553,128
554,59
555,1315
556,1314
557,1319
558,1242
559,1219
560,1811
561,914
562,915
563,1243
564,1538
565,150
566,1246
567
568,1324
569,1715
570,1718
571,1719
572,11
573,76
574,14
575,2010
576,1347
577,2011
578,2015
579,1334
580,700
581,409
582,1339
583,17
584,1486
585,416
586,1740
587,1487
588
589,1310
590,131
591,1313
592,869
593,870
594,1457
595,554
596,872
597,125
598,1807
599,1320
600,653
601,139
602,1535
603,1615
604,1616
605,916
606,564
607,1466
608,1226
609
610,2069
611,665
612,671
613,1258
614,229
615,674
616,1158
617,171
618,1640
619,1502
620,1506
621,1505
622,1503
623,175
624,380
625,280
626,278
627,1293
628,281
629,1376
630
631,1435
632,1525
633,458
634,749
635,1907
636,538
637,1053
638,1093
639,1745
640,1746
641,1805
642,1799
643,1097
644,1147
645,1941
646,1198
647,827
648,823
649,1942
650,1944
651
652,135
653,1613
654,1461
655,559
656,560
657,1541
658,1818
659,922
660,608
661,1228
662,1252
663,223
664,1230
665,1231
666,2065
667,226
668,1257
669,166
670,951
671,1236
672
673,368
674,1284
675,952
676,371
677,372
678,1499
679,956
680,2078
681,959
682,1372
683,962
684,1681
685,967
686,1379
687,1393
688,715
689,1689
690,716
691,975
692,978
693
694,1328
695,1728
696,570
697,2040
698,572
699,16
700,82
701,577
702,1479
703,1336
704,1737
705,1338
706,2049
707,406
708,2051
709,1357
710,2052
711,417
712,586
713,1342
714
715,989
716,971
717,1688
718,1912
719,1397
720,995
721,24
722,1385
723,1402
724,1403
725,389
726,466
727,392
728,393
729,1620
730,1001
731,1998
732,1272
733,1627
734,1929
735
736,257
737,259
738,1891
739,445
740,506
741,262
742,515
743,1982
744,1137
745,1522
746,456
747,272
748,1139
749,499
750,1140
751,1048
752,534
753,1990
754,1993
755,1800
756
757,1152
758,1756
759,831
760,1074
761,1063
762,344
763,1079
764,1586
765,350
766,1101
767,1104
768,841
769,1855
770,839
771,1106
772,842
773,1089
774,1592
775,1090
776,850
777
778,1216
779,1959
780,1085
781,1960
782,1103
783,1593
784,1595
785,2021
786,883
787,2023
788,1412
789,423
790,1557
791,1117
792,1970
793,2086
794,1561
795,329
796,1425
797,898
798
799,1398
800,291
801,22
802,719
803,996
804,997
805,464
806,724
807,1262
808,981
809,1695
810,722
811,1265
812,1697
813,1269
814,728
815,395
816,64
817,1271
818,1003
819
820,535
821,1143
822,539
823,1936
824,1096
825,1938
826,541
827,1056
828,643
829,1748
830,1200
831,1204
832,1208
833,1757
834,1075
835,1582
836,1077
837,1850
838,1082
839,1854
840
841,1852
842,1590
843,1215
844,1958
845,1589
846,1069
847,1773
848,1111
849,1775
850,1776
851,2019
852,775
853,318
854,2024
855,319
856,1414
857,2025
858,889
859,1783
860,2026
861
862,243
863,1131
864,440
865,1187
866,248
867,201
868,551
869,1312
870,132
871,1195
872,1316
873,1454
874,133
875,134
876,209
877,1018
878,1808
879,599
880,558
881,1023
882
883,1963
884,851
885,1864
886,1409
887,1873
888,1408
889,1781
890,317
891,1416
892,424
893,1784
894,2083
895,1559
896,1120
897,1885
898,1881
899,1121
900,1427
901,1889
902,1598
903
904,1191
905,1014
906,205
907,1240
908,592
909,1456
910,1317
911,1458
912,875
913,1321
914,600
915,1614
916,1534
917,1462
918,1810
919,149
920,881
921,1539
922,151
923,220
924
925,362
926,363
927,1550
928,1823
929,1255
930,2067
931,666
932,1495
933,1497
934,953
935,228
936,610
937,677
938,1286
939,375
940,1641
941,1644
942,1371
943,960
944,377
945
946,606
947,221
948,152
949,1548
950,2060
951,1494
952,930
953,367
954,2071
955,169
956,230
957,1285
958,373
959,1367
960,1368
961,275
962,1370
963,173
964,277
965,1388
966
967,279
968,282
969,626
970,383
971,384
972,1653
973,689
974,1299
975,23
976,1400
977,1301
978,293
979,804
980,1657
981,1404
982,1698
983,1264
984,471
985,1926
986,1629
987
988,1377
989,1294
990,685
991,1687
992,287
993,717
994,1380
995,1691
996,288
997,292
998,799
999,28
1000,1700
1001,65
1002,1997
1003,983
1004,1924
1005,1927
1006,1270
1007,474
1008
1009,1603
1010,864
1011,1678
1012,202
1013,1608
1014,1192
1015,1606
1016,127
1017,121
1018,909
1019,652
1020,873
1021,1460
1022,1809
1023,213
1024,913
1025,654
1026,562
1027,921
1028,142
1029
1030
1031,507
1032,1513
1033,444
1034,488
1035,446
1036,490
1037,305
1038,1898
1039,491
1040,519
1041,527
1042,1791
1043,455
1044,271
1045,522
1046,1903
1047,310
1048,1902
1049,632
1050
1051,1797
1052,753
1053,460
1054,1906
1055,755
1056,1440
1057,1148
1058,825
1059,1150
1060,1098
1061,650
1062,1754
1063,1948
1064,1581
1065,1584
1066,341
1067,349
1068,1080
1069,1856
1070,1088
1071
1072,1445
1073,1751
1074,1058
1075,1154
1076,1758
1077,1766
1078,1768
1079,1065
1080,348
1081,764
1082,1211
1083,1067
1084,837
1085,354
1086,765
1087,843
1088,770
1089,1859
1090,1108
1091,782
1092
1093,1909
1094,1144
1095,1803
1096,637
1097,1055
1098,639
1099,1151
1100,1750
1101,340
1102,836
1103,1212
1104,1763
1105,838
1106,1068
1107,1857
1108,1772
1109,1087
1110,1217
1111,1860
1112,1774
1113
1114,320
1115,853
1116,788
1117,1973
1118,2028
1119,1418
1120,2031
1121,326
1122,794
1123,430
1124,236
1125,333
1126,900
1127,45
1128,434
1129,435
1130,110
1131,199
1132,50
1133,200
1134
1135,451
1136,307
1137,1899
1138,1040
1139,496
1140,1792
1141,313
1142,314
1143,502
1144,1992
1145,536
1146,461
1147,540
1148,822
1149,544
1150,1943
1151,1749
1152,1448
1153,1201
1154,1206
1155
1156,1496
1157,1824
1158,2072
1159,2073
1160,613
1161,615
1162,2075
1163,957
1164,1287
1165,679
1166,1643
1167,619
1168,276
1169,1369
1170,682
1171,1682
1172,1647
1173,1650
1174,625
1175,1378
1176
1177,1662
1178,1831
1179,1564
1180,1836
1181,432
1182,1834
1183,239
1184,1840
1185,438
1186,245
1187,1574
1188,247
1189,2097
1190,1607
1191,249
1192,203
1193,250
1194,130
1195,122
1196,207
1197
1198,1937
1199,337
1200,542
1201,828
1202,829
1203,1060
1204,1946
1205,339
1206,1061
1207,1940
1208,1755
1209,1949
1210,1064
1211,1950
1212,346
1213,1954
1214,762
1215,353
1216,355
1217,1084
1218
1219,137
1220,597
1221,216
1222,1026
1223,565
1224,1248
1225,1247
1226,153
1227,360
1228,1546
1229,156
1230,946
1231,158
1232,155
1233,157
1234,1551
1235,225
1236,161
1237,931
1238,934
1239
1240,1194
1241,590
1242,1612
1243,912
1244,1813
1245,601
1246,1025
1247,219
1248,1816
1249,605
1250,1028
1251,1820
1252,145
1253,154
1254,2059
1255,1547
1256,1553
1257,1233
1258,164
1259,2068
1260
1261,723
1262,1915
1263,1658
1264,391
1265,1918
1266,1919
1267,810
1268,1406
1269,725
1270,187
1271,999
1272,1923
1273,1005
1274,69
1275,1931
1276,1625
1277,1713
1278,4
1279,7
1280,481
1281
1282,1256
1283,1235
1284,165
1285,1259
1286,955
1287,675
1288,616
1289,1642
1290,617
1291,1166
1292,1373
1293,1646
1294,1390
1295,1174
1296,1175
1297,1392
1298,684
1299,992
1300,178
1301,1395
1302
1303,863
1304,1186
1305,113
1306,1675
1307,1602
1308,1010
1309,1190
1310,1610
1311,549
1312,1015
1313,57
1314,60
1315,1611
1316,124
1317,1196
1318,594
1319,1017
1320,136
1321,876
1322,1020
1323
1324,1275
1325,1724
1326,72
1327,1635
1328,1714
1329,1277
1330,1637
1331,482
1332,571
1333,1733
1334,81
1335,405
1336,18
1337,1735
1338,1478
1339,411
1340,102
1341,410
1342,585
1343,104
1344
1345,479
1346,78
1347,2009
1348,2042
1349,1732
1350,94
1351,699
1352,403
1353,1333
1354,1337
1355,703
1356,20
1357,579
1358,1738
1359,1483
1360,415
1361,1739
1362,2055
1363,1742
1364,706
1365
1366,1237
1367,376
1368,172
1369,1289
1370,1288
1371,1504
1372,274
1373,1165
1374,620
1375,1508
1376,964
1377,176
1378,1648
1379,1389
1380,1686
1381,1394
1382,990
1383,688
1384,386
1385,1914
1386
1387,1168
1388,1169
1389,623
1390,1171
1391,1509
1392,1172
1393,988
1394,969
1395,1652
1396,284
1397,972
1398,1913
1399,993
1400,290
1401,180
1402,803
1403,1655
1404,1694
1405,1696
1406,31
1407
1408,772
1409,1112
1410,1779
1411,885
1412,1967
1413,421
1414,787
1415,854
1416,779
1417,855
1418,2022
1419,1556
1420,1971
1421,860
1422,425
1423,1558
1424,1883
1425,1880
1426,897
1427,232
1428
1429,1790
1430,304
1431,1135
1432,1521
1433,494
1434,743
1435,1138
1436,746
1437,1524
1438,523
1439,1794
1440,1142
1441,1530
1442,1910
1443,543
1444,642
1445,646
1446,1149
1447,645
1448,1945
1449
1450,2096
1451,1185
1452,1308
1453,1309
1454,553
1455,251
1456,1193
1457,62
1458,871
1459,596
1460,874
1461,212
1462,598
1463,602
1464,148
1465,918
1466,919
1467,1027
1468,1542
1469,361
1470
1471,75
1472,1729
1473,695
1474,1280
1475,401
1476,93
1477,400
1478,2012
1479,100
1480,1351
1481,2048
1482,1354
1483,408
1484,704
1485,581
1486,707
1487,2050
1488,2054
1489,1361
1490,1360
1491
1492,1549
1493,1822
1494,162
1495,365
1496,167
1497,668
1498,611
1499,2070
1500,2076
1501,936
1502,958
1503,1366
1504,680
1505,1163
1506,1164
1507,940
1508,1290
1509,963
1510,1684
1511,382
1512
1513
1514
1515
1516,505
1517,1896
1518,1035
1519,514
1520,263
1521,741
1522,306
1523,1984
1524,1043
1525,495
1526,311
1527,1988
1528,500
1529,1796
1530,459
1531,752
1532,1934
1533
1534,1322
1535,880
1536,561
1537,1024
1538,140
1539,141
1540,604
1541,920
1542,1221
1543,656
1544,1222
1545,1225
1546,607
1547,947
1548,1250
1549,1821
1550,663
1551,925
1552,224
1553,2062
1554
1555,1413
1556,1114
1557,1879
1558,890
1559,2082
1560,325
1561,427
1562,1828
1563,1426
1564,428
1565,2036
1566,2089
1567,2090
1568,335
1569,1180
1570,901
1571,240
1572,111
1573,196
1574,1674
1575
1576,1802
1577,545
1578,640
1579,1446
1580,1947
1581,1752
1582,1203
1583,1153
1584,1099
1585,1767
1586,833
1587,1066
1588,1771
1589,1853
1590,1957
1591,1083
1592,1858
1593,1107
1594,1070
1595,846
1596
1597,1126
1598,46
1599,1670
1600,1838
1601,1672
1602,198
1603,112
1604,1845
1605,1306
1606,1188
1607,548
1608,2099
1609,1451
1610,55
1611,117
1612,123
1613,61
1614,1318
1615,1812
1616,215
1617
1618,183
1619,726
1620,184
1621,1922
1622,811
1623,1263
1624,66
1625,34
1626,1925
1627,817
1628,68
1629,1999
1630,475
1631,85
1632,1930
1633,1710
1634,2
1635,1725
1636,41
1637,478
1638
1639,933
1640,1238
1641,1162
1642,937
1643,678
1644,614
1645,1159
1646,943
1647,622
1648,944
1649,1292
1650,1375
1651,624
1652,283
1653,285
1654,970
1655,1382
1656,721
1657,27
1658,182
1659
1660,793
1661,896
1662,235
1663,1829
1664,1122
1665,1178
1666,2034
1667,1832
1668,238
1669,1565
1670,1179
1671,48
1672,1837
1673,436
1674,197
1675,244
1676,2095
1677,547
1678,902
1679,1009
1680
1681,941
1682,379
1683,174
1684,683
1685,1173
1686,1651
1687,968
1688,628
1689,286
1690,687
1691,1381
1692,1295
1693,1396
1694,1300
1695,463
1696,805
1697,692
1698,1261
1699,806
1700,1267
1701
1702,814
1703,1622
1704,1623
1705,397
1706,816
1707,2000
1708,1004
1709,2001
1710,732
1711,986
1712,71
1713,2002
1714,477
1715,88
1716,86
1717,1636
1718,74
1719,2039
1720,77
1721,1330
1722
1723,984
1724,1706
1725,1712
1726,5
1727,1711
1728,1326
1729,568
1730,1717
1731,2005
1732,10
1733,697
1734,12
1735,575
1736,1352
1737,576
1738,19
1739,1335
1740,1359
1741,412
1742,1341
1743
1744,635
1745,1933
1746,821
1747,636
1748,1939
1749,826
1750,1444
1751,1447
1752,648
1753,1072
1754,338
1755,1579
1756,1580
1757,1205
1758,830
1759,759
1760,1583
1761,343
1762,1078
1763,1770
1764
1765,1578
1766,1059
1767,757
1768,1207
1769,832
1770,834
1771,1952
1772,351
1773,1081
1774,845
1775,2017
1776,780
1777,848
1778,773
1779,783
1780,1865
1781,1874
1782,1875
1783,322
1784,1115
1785
1786,739
1787,264
1788,1977
1789,517
1790,452
1791,268
1792,1433
1793,531
1794,312
1795,1047
1796,1987
1797,1527
1798,497
1799,1991
1800,1441
1801,1532
1802,1528
1803,1054
1804,1744
1805,1094
1806
1807,1019
1808,211
1809,907
1810,556
1811,138
1812,214
1813,557
1814,1021
1815,1463
1816,1536
1817,218
1818,563
1819,1223
1820,1468
1821,566
1822,1254
1823,159
1824,2066
1825,667
1826,929
1827
1828,1424
1829,328
1830,791
1831,796
1832,2088
1833,797
1834,1888
1835,44
1836,193
1837,192
1838,195
1839,1125
1840,1127
1841,1599
1842,1671
1843,437
1844,1572
1845,1130
1846,1304
1847,1676
1848
1849,1210
1850,345
1851,763
1852,1102
1853,1213
1854,1955
1855,1588
1856,766
1857,1214
1858,1105
1859,844
1860,1591
1861,356
1862,771
1863,1109
1864,847
1865,781
1866,776
1867,1091
1868,888
1869
1870,778
1871,1861
1872,1110
1873,1863
1874,1965
1875,316
1876,886
1877,1411
1878,1964
1879,321
1880,884
1881,2027
1882,1118
1883,893
1884,895
1885,2032
1886,894
1887,2085
1888,899
1889,190
1890
1891
1892,254
1893
1894,1515
1895,508
1896,1031
1897,512
1898,489
1899,492
1900,1036
1901,1432
1902,520
1903,1434
1904,1041
1905,631
1906,748
1907,1438
1908,1529
1909,1051
1910,537
1911
1912,1297
1913,1692
1914,289
1915,1399
1916,976
1917,25
1918,691
1919,808
1920,982
1921,727
1922,186
1923,468
1924,1624
1925,1996
1926,1704
1927,37
1928,818
1929,1268
1930,1006
1931,1709
1932
1933,1439
1934,503
1935,1994
1936,1145
1937,1146
1938,1442
1939,641
1940,824
1941,1057
1942,1443
1943,1577
1944,1576
1945,1747
1946,644
1947,647
1948,1765
1949,1100
1950,1062
1951,1760
1952,347
1953
1954,1761
1955,342
1956,1851
1957,352
1958,1587
1959,768
1960,1086
1961,769
1962,1862
1963,1872
1964,1777
1965,2020
1966,1866
1967,887
1968,852
1969,1867
1970,1877
1971,1782
1972,857
1973,1417
1974
1975,442
1976,301
1977,300
1978,486
1979,1897
1980,1518
1981,1517
1982,453
1983,1519
1984,1039
1985,1136
1986,528
1987,498
1988,524
1989,633
1990,1526
1991,1141
1992,532
1993,1437
1994,1049
1995
1996,813
1997,396
1998,1703
1999,472
2000,35
2001,473
2002,1723
2003,1
2004,985
2005,73
2006,90
2007,1327
2008,694
2009,2038
2010,89
2011,1475
2012,1349
2013,98
2014,13
2015,1477
2016
2017,1870
2018,1871
2019,1961
2020,774
2021,1594
2022,1778
2023,1962
2024,1780
2025,1410
2026,422
2027,1419
2028,891
2029,1555
2030,324
2031,1420
2032,859
2033,1560
2034,2087
2035,1663
2036,332
2037
2038,1278
2039,2006
2040,480
2041,1345
2042,1731
2043,95
2044,1476
2045,1474
2046,698
2047,97
2048,101
2049,578
2050,407
2051,1736
2052,414
2053,413
2054,103
2055,583
2056,584
2057,712
2058
2059,222
2060,144
2061,661
2062,660
2063,1545
2064,1492
2065,364
2066,1232
2067,1552
2068,1234
2069,1825
2070,1826
2071,673
2072,369
2073,670
2074,1498
2075,370
2076,612
2077,1639
2078,374
2079
2080,786
2081,1876
2082,856
2083,323
2084,1116
2085,892
2086,426
2087,790
2088,1423
2089,429
2090,1177
2091,1668
2092,194
2093,47
2094,1183
2095,49
2096,1303
2097,246
2098,53
2099,866
2100