Makespan: 11766
Start: 0
End: 2101
OPERATIONS SEQUENCE: 
1,2,3,4,5,6,7,8,9,10,11,12,13,14,15,16,17,18,19,20,21
22,23,24,25,26,27,28,29,30,31,32,33,34,35,36,37,38,39,40,41,42
43,44,45,46,47,48,49,50,51,52,53,54,55,56,57,58,59,60,61,62,63
64,65,66,67,68,69,70,71,72,73,74,75,76,77,78,79,80,81,82,83,84
85,86,87,88,89,90,91,92,93,94,95,96,97,98,99,100,101,102,103,104,105
106,107,108,109,110,111,112,113,114,115,116,117,118,119,120,121,122,123,124,125,126
127,128,129,130,131,132,133,134,135,136,137,138,139,140,141,142,143,144,145,146,147
148,149,150,151,152,153,154,155,156,157,158,159,160,161,162,163,164,165,166,167,168
169,170,171,172,173,174,175,176,177,178,179,180,181,182,183,184,185,186,187,188,189
190,191,192,193,194,195,196,197,198,199,200,201,202,203,204,205,206,207,208,209,210
211,212,213,214,215,216,217,218,219,220,221,222,223,224,225,226,227,228,229,230,231
232,233,234,235,236,237,238,239,240,241,242,243,244,245,246,247,248,249,250,251,252
253,254,255,256,257,258,259,260,261,262,263,264,265,266,267,268,269,270,271,272,273
274,275,276,277,278,279,280,281,282,283,284,285,286,287,288,289,290,291,292,293,294
295,296,297,298,299,300,301,302,303,304,305,306,307,308,309,310,311,312,313,314,315
316,317,318,319,320,321,322,323,324,325,326,327,328,329,330,331,332,333,334,335,336
337,338,339,340,341,342,343,344,345,346,347,348,349,350,351,352,353,354,355,356,357
358,359,360,361,362,363,364,365,366,367,368,369,370,371,372,373,374,375,376,377,378
379,380,381,382,383,384,385,386,387,388,389,390,391,392,393,394,395,396,397,398,399
400,401,402,403,404,405,406,407,408,409,410,411,412,413,414,415,416,417,418,419,420
421,422,423,424,425,426,427,428,429,430,431,432,433,434,435,436,437,438,439,440,441
442,443,444,445,446,447,448,449,450,451,452,453,454,455,456,457,458,459,460,461,462
463,464,465,466,467,468,469,470,471,472,473,474,475,476,477,478,479,480,481,482,483
484,485,486,487,488,489,490,491,492,493,494,495,496,497,498,499,500,501,502,503,504
505,506,507,508,509,510,511,512,513,514,515,516,517,518,519,520,521,522,523,524,525
526,527,528,529,530,531,532,533,534,535,536,537,538,539,540,541,542,543,544,545,546
547,548,549,550,551,552,553,554,555,556,557,558,559,560,561,562,563,564,565,566,567
568,569,570,571,572,573,574,575,576,577,578,579,580,581,582,583,584,585,586,587,588
589,590,591,592,593,594,595,596,597,598,599,600,601,602,603,604,605,606,607,608,609
610,611,612,613,614,615,616,617,618,619,620,621,622,623,624,625,626,627,628,629,630
631,632,633,634,635,636,637,638,639,640,641,642,643,644,645,646,647,648,649,650,651
652,653,654,655,656,657,658,659,660,661,662,663,664,665,666,667,668,669,670,671,672
673,674,675,676,677,678,679,680,681,682,683,684,685,686,687,688,689,690,691,692,693
694,695,696,697,698,699,700,701,702,703,704,705,706,707,708,709,710,711,712,713,714
715,716,717,718,719,720,721,722,723,724,725,726,727,728,729,730,731,732,733,734,735
736,737,738,739,740,741,742,743,744,745,746,747,748,749,750,751,752,753,754,755,756
757,758,759,760,761,762,763,764,765,766,767,768,769,770,771,772,773,774,775,776,777
778,779,780,781,782,783,784,785,786,787,788,789,790,791,792,793,794,795,796,797,798
799,800,801,802,803,804,805,806,807,808,809,810,811,812,813,814,815,816,817,818,819
820,821,822,823,824,825,826,827,828,829,830,831,832,833,834,835,836,837,838,839,840
841,842,843,844,845,846,847,848,849,850,851,852,853,854,855,856,857,858,859,860,861
862,863,864,865,866,867,868,869,870,871,872,873,874,875,876,877,878,879,880,881,882
883,884,885,886,887,888,889,890,891,892,893,894,895,896,897,898,899,900,901,902,903
904,905,906,907,908,909,910,911,912,913,914,915,916,917,918,919,920,921,922,923,924
925,926,927,928,929,930,931,932,933,934,935,936,937,938,939,940,941,942,943,944,945
946,947,948,949,950,951,952,953,954,955,956,957,958,959,960,961,962,963,964,965,966
967,968,969,970,971,972,973,974,975,976,977,978,979,980,981,982,983,984,985,986,987
988,989,990,991,992,993,994,995,996,997,998,999,1000,1001,1002,1003,1004,1005,1006,1007,1008
1009,1010,1011,1012,1013,1014,1015,1016,1017,1018,1019,1020,1021,1022,1023,1024,1025,1026,1027,1028,1029
1030,1031,1032,1033,1034,1035,1036,1037,1038,1039,1040,1041,1042,1043,1044,1045,1046,1047,1048,1049,1050
1051,1052,1053,1054,1055,1056,1057,1058,1059,1060,1061,1062,1063,1064,1065,1066,1067,1068,1069,1070,1071
1072,1073,1074,1075,1076,1077,1078,1079,1080,1081,1082,1083,1084,1085,1086,1087,1088,1089,1090,1091,1092
1093,1094,1095,1096,1097,1098,1099,1100,1101,1102,1103,1104,1105,1106,1107,1108,1109,1110,1111,1112,1113
1114,1115,1116,1117,1118,1119,1120,1121,1122,1123,1124,1125,1126,1127,1128,1129,1130,1131,1132,1133,1134
1135,1136,1137,1138,1139,1140,1141,1142,1143,1144,1145,1146,1147,1148,1149,1150,1151,1152,1153,1154,1155
1156,1157,1158,1159,1160,1161,1162,1163,1164,1165,1166,1167,1168,1169,1170,1171,1172,1173,1174,1175,1176
1177,1178,1179,1180,1181,1182,1183,1184,1185,1186,1187,1188,1189,1190,1191,1192,1193,1194,1195,1196,1197
1198,1199,1200,1201,1202,1203,1204,1205,1206,1207,1208,1209,1210,1211,1212,1213,1214,1215,1216,1217,1218
1219,1220,1221,1222,1223,1224,1225,1226,1227,1228,1229,1230,1231,1232,1233,1234,1235,1236,1237,1238,1239
1240,1241,1242,1243,1244,1245,1246,1247,1248,1249,1250,1251,1252,1253,1254,1255,1256,1257,1258,1259,1260
1261,1262,1263,1264,1265,1266,1267,1268,1269,1270,1271,1272,1273,1274,1275,1276,1277,1278,1279,1280,1281
1282,1283,1284,1285,1286,1287,1288,1289,1290,1291,1292,1293,1294,1295,1296,1297,1298,1299,1300,1301,1302
1303,1304,1305,1306,1307,1308,1309,1310,1311,1312,1313,1314,1315,1316,1317,1318,1319,1320,1321,1322,1323
1324,1325,1326,1327,1328,1329,1330,1331,1332,1333,1334,1335,1336,1337,1338,1339,1340,1341,1342,1343,1344
1345,1346,1347,1348,1349,1350,1351,1352,1353,1354,1355,1356,1357,1358,1359,1360,1361,1362,1363,1364,1365
1366,1367,1368,1369,1370,1371,1372,1373,1374,1375,1376,1377,1378,1379,1380,1381,1382,1383,1384,1385,1386
1387,1388,1389,1390,1391,1392,1393,1394,1395,1396,1397,1398,1399,1400,1401,1402,1403,1404,1405,1406,1407
1408,1409,1410,1411,1412,1413,1414,1415,1416,1417,1418,1419,1420,1421,1422,1423,1424,1425,1426,1427,1428
1429,1430,1431,1432,1433,1434,1435,1436,1437,1438,1439,1440,1441,1442,1443,1444,1445,1446,1447,1448,1449
1450,1451,1452,1453,1454,1455,1456,1457,1458,1459,1460,1461,1462,1463,1464,1465,1466,1467,1468,1469,1470
1471,1472,1473,1474,1475,1476,1477,1478,1479,1480,1481,1482,1483,1484,1485,1486,1487,1488,1489,1490,1491
1492,1493,1494,1495,1496,1497,1498,1499,1500,1501,1502,1503,1504,1505,1506,1507,1508,1509,1510,1511,1512
1513,1514,1515,1516,1517,1518,1519,1520,1521,1522,1523,1524,1525,1526,1527,1528,1529,1530,1531,1532,1533
1534,1535,1536,1537,1538,1539,1540,1541,1542,1543,1544,1545,1546,1547,1548,1549,1550,1551,1552,1553,1554
1555,1556,1557,1558,1559,1560,1561,1562,1563,1564,1565,1566,1567,1568,1569,1570,1571,1572,1573,1574,1575
1576,1577,1578,1579,1580,1581,1582,1583,1584,1585,1586,1587,1588,1589,1590,1591,1592,1593,1594,1595,1596
1597,1598,1599,1600,1601,1602,1603,1604,1605,1606,1607,1608,1609,1610,1611,1612,1613,1614,1615,1616,1617
1618,1619,1620,1621,1622,1623,1624,1625,1626,1627,1628,1629,1630,1631,1632,1633,1634,1635,1636,1637,1638
1639,1640,1641,1642,1643,1644,1645,1646,1647,1648,1649,1650,1651,1652,1653,1654,1655,1656,1657,1658,1659
1660,1661,1662,1663,1664,1665,1666,1667,1668,1669,1670,1671,1672,1673,1674,1675,1676,1677,1678,1679,1680
1681,1682,1683,1684,1685,1686,1687,1688,1689,1690,1691,1692,1693,1694,1695,1696,1697,1698,1699,1700,1701
1702,1703,1704,1705,1706,1707,1708,1709,1710,1711,1712,1713,1714,1715,1716,1717,1718,1719,1720,1721,1722
1723,1724,1725,1726,1727,1728,1729,1730,1731,1732,1733,1734,1735,1736,1737,1738,1739,1740,1741,1742,1743
1744,1745,1746,1747,1748,1749,1750,1751,1752,1753,1754,1755,1756,1757,1758,1759,1760,1761,1762,1763,1764
1765,1766,1767,1768,1769,1770,1771,1772,1773,1774,1775,1776,1777,1778,1779,1780,1781,1782,1783,1784,1785
1786,1787,1788,1789,1790,1791,1792,1793,1794,1795,1796,1797,1798,1799,1800,1801,1802,1803,1804,1805,1806
1807,1808,1809,1810,1811,1812,1813,1814,1815,1816,1817,1818,1819,1820,1821,1822,1823,1824,1825,1826,1827
1828,1829,1830,1831,1832,1833,1834,1835,1836,1837,1838,1839,1840,1841,1842,1843,1844,1845,1846,1847,1848
1849,1850,1851,1852,1853,1854,1855,1856,1857,1858,1859,1860,1861,1862,1863,1864,1865,1866,1867,1868,1869
1870,1871,1872,1873,1874,1875,1876,1877,1878,1879,1880,1881,1882,1883,1884,1885,1886,1887,1888,1889,1890
1891,1892,1893,1894,1895,1896,1897,1898,1899,1900,1901,1902,1903,1904,1905,1906,1907,1908,1909,1910,1911
1912,1913,1914,1915,1916,1917,1918,1919,1920,1921,1922,1923,1924,1925,1926,1927,1928,1929,1930,1931,1932
1933,1934,1935,1936,1937,1938,1939,1940,1941,1942,1943,1944,1945,1946,1947,1948,1949,1950,1951,1952,1953
1954,1955,1956,1957,1958,1959,1960,1961,1962,1963,1964,1965,1966,1967,1968,1969,1970,1971,1972,1973,1974
1975,1976,1977,1978,1979,1980,1981,1982,1983,1984,1985,1986,1987,1988,1989,1990,1991,1992,1993,1994,1995
1996,1997,1998,1999,2000,2001,2002,2003,2004,2005,2006,2007,2008,2009,2010,2011,2012,2013,2014,2015,2016
2017,2018,2019,2020,2021,2022,2023,2024,2025,2026,2027,2028,2029,2030,2031,2032,2033,2034,2035,2036,2037
2038,2039,2040,2041,2042,2043,2044,2045,2046,2047,2048,2049,2050,2051,2052,2053,2054,2055,2056,2057,2058
2059,2060,2061,2062,2063,2064,2065,2066,2067,2068,2069,2070,2071,2072,2073,2074,2075,2076,2077,2078,2079
2080,2081,2082,2083,2084,2085,2086,2087,2088,2089,2090,2091,2092,2093,2094,2095,2096,2097,2098,2099,2100
MACHINE PREDECESSOR INFO: OPERATION, MACHINE PREDECESSOR 
1,564
2,613
3,432
4,615
5,786
6,1464
7,619
8,436
9,621
10,1777
11,2038
12,1961
13,771
14,863
15,1784
16,1438
17,1506
18,626
19,1504
20,358
21
22,577
23,1294
24,1853
25,201
26,557
27,582
28,1297
29,423
30,425
31,426
32,207
33,1487
34,692
35,1493
36,2
37,1772
38,618
39,1771
40,1430
41,790
42
43,1307
44,1589
45,1051
46,1354
47,1352
48,1688
49,2080
50,1592
51,935
52,1054
53,2082
54,1752
55,2085
56,2023
57,1810
58,944
59,2086
60,990
61,992
62,1815
63
64,1885
65,1226
66,97
67,649
68,1276
69,486
70,236
71,1081
72,512
73,1177
74,1535
75,1235
76,1178
77,1180
78,259
79,243
80,258
81,262
82,520
83,247
84
85,2010
86,709
87,2012
88,712
89,642
90,472
91,1270
92,475
93,1273
94,1274
95,1225
96,477
97,1074
98,1075
99,233
100,1076
101,234
102,1228
103,1082
104,489
105
106,794
107,865
108,867
109,1437
110,627
111,18
112,1509
113,177
114,596
115,183
116,879
117,881
118,369
119,594
120,1519
121,600
122,370
123,1521
124,406
125,373
126
127,55
128,1695
129,989
130,319
131,57
132,301
133,2090
134,325
135,1062
136,995
137,1606
138,1818
139,999
140,1067
141,326
142,1069
143,1609
144,331
145,2033
146,1070
147
148
149
150
151
152,1114
153
154,1662
155,1243
156,1244
157
158,904
159,950
160,906
161,1565
162,276
163,1568
164,912
165,960
166,1570
167,1253
168
169,622
170,1967
171,1442
172,1893
173,1513
174,1892
175,2045
176,2046
177,971
178,1897
179,363
180,975
181,112
182,1447
183,367
184,653
185,977
186,116
187,1518
188,404
189
190,851
191,676
192,1740
193,1210
194,679
195,680
196,1292
197,1291
198,1852
199,1451
200,556
201,1295
202,1857
203,222
204,688
205,1861
206,779
207,1864
208,691
209,562
210
211,532
212,355
213,537
214,1847
215,1736
216,1209
217,1737
218,397
219,681
220,555
221,1475
222,687
223,1858
224,1480
225,1481
226,1216
227,1457
228,757
229,206
230,1865
231
232,646
233,1072
234,1410
235,505
236,1646
237,1080
238,1179
239,1089
240,500
241,1182
242,382
243,503
244,517
245,1183
246,78
247,349
248,841
249,388
250,1725
251,531
252
253,1418
254,446
255,1423
256,1422
257,1424
258,1832
259,1425
260,1831
261,380
262,1544
263,521
264,242
265,383
266,1543
267,450
268,1842
269,1724
270,389
271,524
272,535
273
274,907
275,1141
276,1142
277,951
278,1668
279,700
280,1146
281,1148
282,829
283,1254
284,1129
285,1257
286,913
287,1674
288,1675
289,1671
290,919
291,2002
292,2003
293,883
294
295,48
296,934
297,1357
298,1750
299,1755
300,1058
301,943
302,2025
303,2088
304,324
305,62
306,1817
307,2028
308,138
309,137
310,998
311,1823
312,2035
313,333
314,2098
315
316,2019
317,1691
318,938
319,1811
320,1694
321,1319
322,1758
323,131
324,1696
325,2027
326,994
327,133
328,136
329,1002
330,996
331,997
332,309
333,1007
334,2034
335,145
336
337,1944
338,102
339,1279
340,72
341,1086
342,1654
343,495
344,514
345,515
346,1090
347,256
348,1951
349,1426
350,80
351,1548
352,267
353,263
354,270
355,845
356,1732
357
358,1966
359,1441
360,19
361,15
362,172
363,1971
364,1895
365,1894
366,973
367,1898
368,178
369,184
370,1901
371,655
372,599
373,1520
374,799
375,658
376,605
377,408
378
379,253
380,1949
381,255
382,1833
383,77
384,501
385,244
386,1834
387,1723
388,1839
389,529
390,266
391,844
392,352
393,212
394,849
395,1285
396,1208
397,1741
398,1287
399
400,880
401,1900
402,118
403,1902
404,119
405,657
406,979
407,659
408,1387
409,606
410,1524
411,1910
412,982
413,664
414,663
415,809
416,1020
417,1332
418,1710
419,1023
420
421,27
422,1300
423,1217
424,689
425,1301
426,1483
427,230
428,784
429,228
430,1486
431,209
432,34
433,1868
434,1954
435,1769
436,1496
437,1490
438,1775
439,789
440,770
441
442,1945
443,1083
444,340
445,1088
446,1655
447,516
448,1420
449,1427
450,530
451,387
452,248
453,264
454,1729
455,391
456,1190
457,1191
458,1195
459,1286
460,217
461,553
462
463,1049
464,1263
465,2007
466,1265
467,1793
468,888
469,1269
470,707
471,1796
472,713
473,88
474,891
475,1222
476,1799
477,1643
478,1645
479,91
480,1803
481,1648
482,1278
483
484,901
485,64
486,1940
487,66
488,480
489,481
490,511
491,510
492,71
493,339
494,73
495,74
496,1829
497,1539
498,75
499,237
500,1421
501,1091
502,381
503,347
504
505,96
506,65
507,1805
508,1077
509,1942
510,1649
511,68
512,1943
513,1230
514,1947
515,1236
516,1656
517,1417
518,1237
519,239
520,257
521,384
522,245
523,1837
524,1841
525
526,1950
527,502
528,1952
529,1835
530,522
531,1184
532,1840
533,350
534,269
535,1200
536,353
537,1187
538,456
539,569
540,1193
541,548
542,394
543,458
544,214
545,1738
546
547,454
548,1203
549,1846
550,1283
551,1207
552,215
553,1850
554,1849
555,853
556,576
557,859
558,1215
559,223
560,1860
561,1456
562,690
563,30
564,1867
565,1492
566,1461
567
568,1551
569,1192
570,1734
571,1206
572,392
573,1194
574,542
575,192
576,678
577,1214
578,461
579,685
580,1474
581,1452
582,1476
583,24
584,422
585,783
586,32
587,33
588
589,1891
590,2043
591,170
592,629
593,972
594,364
595,176
596,175
597,1516
598,179
599,181
600,2049
601,366
602,1903
603,368
604,1618
605,656
606,1389
607,1619
608,1324
609
610,430
611,1488
612,1485
613,565
614,431
615,1463
616,1489
617,762
618,433
619,1956
620,1497
621,766
622,40
623,793
624,773
625,1965
626,1440
627,871
628,17
629,1508
630
631,1043
632,1572
633,1152
634,921
635,1872
636,2004
637,1790
638,464
639,1048
640,1929
641,86
642,471
643,1641
644,2013
645,1881
646,1797
647,473
648,476
649,1408
650,485
651
652,2047
653,597
654,182
655,117
656,120
657,372
658,121
659,2050
660,188
661,124
662,1325
663,1011
664,808
665,1706
666,1624
667,1333
668,417
669,1712
670,419
671,418
672
673,1845
674,356
675,1735
676,571
677,1284
678,395
679,552
680,1288
681,1212
682,1213
683,190
684,854
685,197
686,199
687,1478
688,1298
689,1454
690,1455
691,221
692,1459
693
694,1138
695,823
696,824
697,1037
698,953
699,1140
700,1122
701,909
702,1917
703,1871
704,1574
705,1874
706,2006
707,836
708,2009
709,465
710,637
711,292
712,2011
713,2014
714
715,1578
716,1164
717,1368
718,742
719,1635
720,817
721,1721
722,1345
723,1173
724,1990
725,1373
726,1585
727,1170
728,1994
729,1588
730,1380
731,1685
732,1687
733,1111
734,45
735
736,666
737,1398
738,1025
739,1631
740,1339
741,1369
742,1982
743,818
744,1718
745,1099
746,1636
747,2071
748,1174
749,1989
750,1584
751,1175
752,1106
753,2072
754,1109
755,724
756
757,583
758,224
759,584
760,29
761,1460
762,563
763,610
764,3
765,1494
766,35
767,435
768,1774
769,39
770,1958
771,792
772,10
773,1503
774,795
775,796
776,14
777
778,200
779,1855
780,203
781,559
782,205
783,225
784,1458
785,31
786,1866
787,1495
788,763
789,37
790,566
791,1431
792,437
793,1959
794,1960
795,1432
796,864
797,1435
798
799,1906
800,2051
801,604
802,1388
803,1523
804,1620
805,2055
806,1013
807,1623
808,2054
809,1525
810,412
811,1527
812,1529
813,1975
814,1531
815,665
816,1628
817,1714
818,1371
819
820,1241
821,154
822,1136
823,155
824,948
825,159
826,1248
827,1139
828,160
829,699
830,955
831,1669
832,1258
833,920
834,1873
835,884
836,922
837,885
838,706
839,1267
840
841,1836
842,1545
843,451
844,351
845,1727
846,1199
847,534
848,1552
849,1843
850,213
851,570
852,1196
853,1211
854,193
855,460
856,459
857,1471
858,218
859,575
860,1450
861
862,439
863,1433
864,1781
865,772
866,13
867,1963
868,797
869,1467
870,1436
871,1468
872,169
873,109
874,2042
875,1968
876,1446
877,1510
878,1896
879,1899
880,113
881,2048
882
883,703
884,1789
885,1875
886,2005
887,638
888,1878
889,1926
890,1219
891,1880
892,1928
893,1933
894,1882
895,1795
896,643
897,1884
898,92
899,1938
900,1073
901,1224
902,1887
903
904
905,1661
906,1558
907,1118
908,1121
909,825
910,1145
911,958
912,1916
913,1144
914,1919
915,283
916,167
917,961
918,1673
919,1044
920,1672
921,285
922,2001
923,289
924
925,1681
926,748
927,1107
928,727
929,1351
930,1385
931,1052
932,1310
933,1591
934,1689
935,2077
936,1312
937,1355
938,1313
939,295
940,2020
941,2083
942,1055
943,1363
944,2024
945
946
947
948,905
949,1664
950,1034
951,694
952,1247
953,822
954,1246
955,1250
956,1566
957,827
958,1567
959,1039
960,1128
961,282
962,831
963,1131
964,1999
965,286
966
967,12
968,2041
969,1507
970,628
971,20
972,1970
973,173
974,1511
975,359
976,591
977,1972
978,115
979,1448
980,1905
981,375
982,607
983,804
984,807
985,1015
986,2059
987
988,1751
989,298
990,299
991,1059
992,322
993,323
994,1603
995,1604
996,132
997,2091
998,327
999,1821
1000,306
1001,305
1002,1762
1003,2032
1004,140
1005,1822
1006,142
1007,1608
1008
1009,1522
1010,980
1011,800
1012,661
1013,1704
1014,662
1015,805
1016,803
1017,984
1018,810
1019,1528
1020,1530
1021,2056
1022,1626
1023,1396
1024,1157
1025,668
1026,2061
1027,1402
1028,1979
1029
1030
1031
1032,1115
1033
1034,1663
1035,1137
1036,820
1037,821
1038,1117
1039,1912
1040,954
1041,161
1042,1914
1043,910
1044,1149
1045,962
1046,916
1047,1573
1048,1786
1049,632
1050
1051,754
1052,1686
1053,1308
1054,1746
1055,1314
1056,1318
1057,53
1058,1756
1059,1754
1060,320
1061,1320
1062,59
1063,1759
1064,1700
1065,1761
1066,1760
1067,1819
1068,1820
1069,2097
1070,311
1071
1072,645
1073,1272
1074,1801
1075,648
1076,1409
1077,1647
1078,650
1079,1941
1080,1227
1081,1411
1082,509
1083,70
1084,1650
1085,1414
1086,1536
1087,1652
1088,1653
1089,496
1090,498
1091,1658
1092
1093,1403
1094,1367
1095,738
1096,740
1097,2063
1098,741
1099,1167
1100,1342
1101,1580
1102,1168
1103,1988
1104,2068
1105,744
1106,925
1107,1304
1108,1379
1109,1376
1110,1684
1111,2075
1112,44
1113
1114
1115
1116,1660
1117,1135
1118,1035
1119,1036
1120,158
1121,695
1122,826
1123,1563
1124,1564
1125,1667
1126,277
1127,956
1128,280
1129,701
1130,1255
1131,1670
1132,914
1133,1259
1134
1135,151
1136,1030
1137,1557
1138,1560
1139,1245
1140,156
1141,1120
1142,696
1143,697
1144,1119
1145,1124
1146,1562
1147,278
1148,1041
1149,1252
1150,959
1151,164
1152,284
1153,1132
1154,963
1155
1156,1397
1157,1625
1158,1335
1159,1400
1160,1627
1161,1629
1162,1395
1163,1026
1164,670
1165,1370
1166,1097
1167,1983
1168,1633
1169,1720
1170,1098
1171,1986
1172,719
1173,1582
1174,1987
1175,720
1176
1177,1413
1178,1828
1179,342
1180,497
1181,499
1182,447
1183,1542
1184,261
1185,79
1186,386
1187,250
1188,1550
1189,1728
1190,1730
1191,1731
1192,271
1193,1201
1194,1733
1195,674
1196,547
1197
1198,251
1199,533
1200,1186
1201,453
1202,1844
1203,1189
1204,847
1205,568
1206,393
1207,539
1208,850
1209,572
1210,550
1211,1289
1212,1290
1213,574
1214,544
1215,856
1216,1856
1217,780
1218
1219,1927
1220,708
1221,1794
1222,1879
1223,895
1224,1800
1225,232
1226,897
1227,1888
1228,67
1229,487
1230,69
1231,1280
1232,488
1233,1946
1234,492
1235,1538
1236,443
1237,493
1238,444
1239
1240
1241,1555
1242,1556
1243,1031
1244,1559
1245,1032
1246,1561
1247,157
1248,1665
1249,152
1250,274
1251,275
1252,1913
1253,1126
1254,1127
1255,1918
1256,165
1257,1997
1258,911
1259,281
1260
1261,287
1262,633
1263,1923
1264,634
1265,1791
1266,1924
1267,293
1268,835
1269,889
1270,1220
1271,1931
1272,89
1273,474
1274,1935
1275,893
1276,898
1277,484
1278,99
1279,100
1280,101
1281
1282,848
1283,538
1284,540
1285,457
1286,675
1287,1204
1288,541
1289,543
1290,545
1291,396
1292,852
1293,554
1294,683
1295,858
1296,1473
1297,860
1298,22
1299,1854
1300,1479
1301,1453
1302
1303,722
1304,1683
1305,1583
1306,1586
1307,1993
1308,1590
1309,730
1310,1381
1311,1356
1312,1112
1313,734
1314,1593
1315,939
1316,1360
1317,317
1318,1361
1319,50
1320,1598
1321,58
1322,60
1323
1324,1009
1325,1703
1326,802
1327,409
1328,1016
1329,1707
1330,413
1331,1018
1332,1526
1333,813
1334,1532
1335,1022
1336,1977
1337,1159
1338,816
1339,1160
1340,1027
1341,1093
1342,1366
1343,717
1344
1345,1372
1346,2070
1347,1637
1348,1171
1349,1991
1350,1377
1351,1378
1352,2074
1353,726
1354,729
1355,43
1356,1745
1357,1053
1358,49
1359,932
1360,2021
1361,2081
1362,1749
1363,2022
1364,988
1365
1366,1161
1367,1716
1368,671
1369,1978
1370,1340
1371,1341
1372,1096
1373,745
1374,1347
1375,1169
1376,1348
1377,1105
1378,1992
1379,1305
1380,1349
1381,750
1382,751
1383,752
1384,2073
1385,1353
1386
1387,654
1388,601
1389,371
1390,660
1391,1904
1392,1622
1393,806
1394,1014
1395,1328
1396,1329
1397,1017
1398,1331
1399,1330
1400,1709
1401,815
1402,669
1403,986
1404,1715
1405,1713
1406,1095
1407
1408,1644
1409,1804
1410,899
1411,902
1412,507
1413,1534
1414,337
1415,491
1416,1229
1417,1233
1418,1087
1419,341
1420,238
1421,1238
1422,1537
1423,345
1424,1181
1425,344
1426,1541
1427,260
1428
1429,788
1430,767
1431,1773
1432,612
1433,1465
1434,1466
1435,1502
1436,1962
1437,1782
1438,769
1439,106
1440,1964
1441,2040
1442,624
1443,968
1444,1469
1445,110
1446,969
1447,1514
1448,362
1449
1450,194
1451,398
1452,219
1453,1472
1454,1859
1455,1299
1456,1863
1457,1862
1458,560
1459,226
1460,781
1461,759
1462,208
1463,427
1464,1768
1465,434
1466,1776
1467,440
1468,11
1469,625
1470
1471,1742
1472,1851
1473,682
1474,196
1475,1293
1476,684
1477,579
1478,578
1479,198
1480,778
1481,686
1482,26
1483,202
1484,28
1485,424
1486,561
1487,1765
1488,429
1489,761
1490,1767
1491
1492,1766
1493,428
1494,1462
1495,614
1496,616
1497,1955
1498,1770
1499,7
1500,1429
1501,791
1502,768
1503,438
1504,1434
1505,1439
1506,870
1507,1783
1508,776
1509,1444
1510,361
1511,2044
1512
1513,874
1514,589
1515,111
1516,876
1517,180
1518,652
1519,401
1520,595
1521,602
1522,1907
1523,407
1524,1010
1525,2053
1526,1705
1527,1390
1528,2057
1529,1327
1530,1392
1531,1012
1532,414
1533
1534,482
1535,103
1536,104
1537,442
1538,1651
1539,1085
1540,1415
1541,445
1542,1657
1543,519
1544,526
1545,527
1546,448
1547,385
1548,82
1549,452
1550,843
1551,354
1552,536
1553,272
1554
1555,148
1556
1557,149
1558,1240
1559,1116
1560
1561,153
1562,1033
1563,949
1564,952
1565,1666
1566,1143
1567,1038
1568,1125
1569,1147
1570,1996
1571,1150
1572,1130
1573,1151
1574,2000
1575
1576,1337
1577,1024
1578,1158
1579,2062
1580,716
1581,2065
1582,743
1583,1719
1584,721
1585,747
1586,1375
1587,1303
1588,927
1589,2076
1590,928
1591,753
1592,1744
1593,2017
1594,1747
1595,1690
1596
1597,2084
1598,941
1599,1757
1600,127
1601,130
1602,1813
1603,302
1604,1698
1605,2089
1606,1699
1607,1816
1608,135
1609,2093
1610,308
1611,2095
1612,1004
1613,1068
1614,1005
1615,1826
1616,2099
1617
1618,403
1619,187
1620,2052
1621,1702
1622,981
1623,1909
1624,411
1625,812
1626,1708
1627,1976
1628,1021
1629,1711
1630,1399
1631,1576
1632,1404
1633,1405
1634,1579
1635,2066
1636,1985
1637,2069
1638
1639,1268
1640,839
1641,470
1642,87
1643,1223
1644,1936
1645,1798
1646,1939
1647,479
1648,506
1649,1079
1650,1277
1651,1412
1652,490
1653,1232
1654,513
1655,494
1656,1948
1657,1830
1658,76
1659
1660
1661
1662
1663,1242
1664,150
1665,947
1666,946
1667,698
1668,908
1669,1251
1670,1042
1671,166
1672,1920
1673,1998
1674,1153
1675,1921
1676,832
1677,1046
1678,702
1679,1787
1680
1681,2067
1682,1172
1683,746
1684,1374
1685,1108
1686,728
1687,926
1688,1384
1689,1309
1690,755
1691,930
1692,937
1693,1316
1694,1362
1695,318
1696,56
1697,1599
1698,2026
1699,991
1700,129
1701
1702,1908
1703,801
1704,376
1705,374
1706,608
1707,983
1708,811
1709,814
1710,1156
1711,985
1712,415
1713,667
1714,1336
1715,1334
1716,1338
1717,1162
1718,2064
1719,1981
1720,1980
1721,1166
1722
1723,246
1724,1838
1725,449
1726,1185
1727,523
1728,1549
1729,249
1730,390
1731,846
1732,268
1733,1202
1734,1553
1735,211
1736,1205
1737,673
1738,549
1739,1282
1740,677
1741,551
1742,216
1743
1744,929
1745,1383
1746,731
1747,1110
1748,933
1749,936
1750,51
1751,1315
1752,297
1753,1359
1754,1809
1755,1808
1756,2078
1757,942
1758,1056
1759,1600
1760,1601
1761,993
1762,1321
1763,2030
1764
1765,782
1766,229
1767,586
1768,611
1769,1
1770,760
1771,787
1772,765
1773,617
1774,4
1775,1957
1776,38
1777,620
1778,41
1779,1500
1780,9
1781,1499
1782,8
1783,623
1784,774
1785
1786,917
1787,965
1788,288
1789,290
1790,291
1791,704
1792,636
1793,1925
1794,886
1795,838
1796,705
1797,469
1798,890
1799,1640
1800,641
1801,1934
1802,1937
1803,94
1804,1886
1805,1275
1806
1807,1748
1808,316
1809,940
1810,296
1811,1692
1812,54
1813,300
1814,1697
1815,1061
1816,1064
1817,1063
1818,2029
1819,2092
1820,134
1821,1605
1822,1763
1823,329
1824,330
1825,141
1826,1006
1827
1828,1231
1829,338
1830,1416
1831,343
1832,1540
1833,346
1834,240
1835,241
1836,348
1837,528
1838,1546
1839,81
1840,265
1841,83
1842,1547
1843,1726
1844,842
1845,1198
1846,455
1847,1188
1848
1849,573
1850,1739
1851,191
1852,855
1853,195
1854,857
1855,1296
1856,580
1857,581
1858,23
1859,25
1860,1477
1861,220
1862,421
1863,204
1864,558
1865,1482
1866,1484
1867,585
1868,758
1869
1870,964
1871,918
1872,1261
1873,1677
1874,923
1875,1788
1876,833
1877,463
1878,1264
1879,1792
1880,710
1881,1221
1882,640
1883,892
1884,1271
1885,90
1886,896
1887,647
1888,1802
1889,478
1890
1891,108
1892,967
1893,590
1894,1969
1895,1443
1896,171
1897,1515
1898,592
1899,593
1900,1973
1901,976
1902,1517
1903,185
1904,402
1905,598
1906,114
1907,400
1908,405
1909,125
1910,1326
1911
1912,1249
1913,1123
1914,828
1915,957
1916,279
1917,830
1918,162
1919,1040
1920,1256
1921,631
1922,1133
1923,915
1924,1679
1925,834
1926,1870
1927,2008
1928,466
1929,711
1930,468
1931,2015
1932
1933,85
1934,1930
1935,894
1936,1883
1937,1642
1938,644
1939,93
1940,900
1941,95
1942,1889
1943,98
1944,235
1945,508
1946,1078
1947,1084
1948,1234
1949,1419
1950,518
1951,379
1952,254
1953
1954,587
1955,785
1956,227
1957,5
1958,36
1959,764
1960,6
1961,1501
1962,1778
1963,1780
1964,862
1965,866
1966,2039
1967,868
1968,16
1969,873
1970,360
1971,1445
1972,877
1973,974
1974
1975,410
1976,1393
1977,416
1978,2060
1979,1630
1980,737
1981,1163
1982,1717
1983,1632
1984,715
1985,1165
1986,1634
1987,1581
1988,1343
1989,1101
1990,1346
1991,1104
1992,1682
1993,723
1994,1350
1995
1996,1915
1997,163
1998,1571
1999,1569
2000,1045
2001,1922
2002,1154
2003,1676
2004,1678
2005,1047
2006,635
2007,1876
2008,1262
2009,837
2010,1877
2011,1266
2012,887
2013,467
2014,1639
2015,639
2016
2017,47
2018,46
2019,931
2020,1358
2021,1807
2022,52
2023,1753
2024,1597
2025,1057
2026,1812
2027,2087
2028,321
2029,61
2030,303
2031,1065
2032,1066
2033,1001
2034,2094
2035,139
2036,1000
2037
2038,1498
2039,1779
2040,107
2041,775
2042,1505
2043,869
2044,872
2045,970
2046,875
2047,365
2048,174
2049,878
2050,978
2051,186
2052,603
2053,122
2054,123
2055,377
2056,1391
2057,1621
2058
2059,1019
2060,1394
2061,736
2062,1401
2063,1028
2064,1577
2065,1094
2066,1406
2067,1984
2068,739
2069,718
2070,1100
2071,1102
2072,1103
2073,749
2074,725
2075,1306
2076,1382
2077,1587
2078,2018
2079
2080,733
2081,732
2082,1311
2083,1594
2084,1595
2085,1317
2086,1693
2087,1364
2088,128
2089,1060
2090,1814
2091,1602
2092,304
2093,1322
2094,1607
2095,2031
2096,328
2097,307
2098,1003
2099,1824
2100