Makespan: 3123
Start: 0
End: 481
OPERATIONS SEQUENCE: 
1,2,3,4,5,6,7,8,9,10,11,12,13,14,15,16
17,18,19,20,21,22,23,24,25,26,27,28,29,30,31,32
33,34,35,36,37,38,39,40,41,42,43,44,45,46,47,48
49,50,51,52,53,54,55,56,57,58,59,60,61,62,63,64
65,66,67,68,69,70,71,72,73,74,75,76,77,78,79,80
81,82,83,84,85,86,87,88,89,90,91,92,93,94,95,96
97,98,99,100,101,102,103,104,105,106,107,108,109,110,111,112
113,114,115,116,117,118,119,120,121,122,123,124,125,126,127,128
129,130,131,132,133,134,135,136,137,138,139,140,141,142,143,144
145,146,147,148,149,150,151,152,153,154,155,156,157,158,159,160
161,162,163,164,165,166,167,168,169,170,171,172,173,174,175,176
177,178,179,180,181,182,183,184,185,186,187,188,189,190,191,192
193,194,195,196,197,198,199,200,201,202,203,204,205,206,207,208
209,210,211,212,213,214,215,216,217,218,219,220,221,222,223,224
225,226,227,228,229,230,231,232,233,234,235,236,237,238,239,240
241,242,243,244,245,246,247,248,249,250,251,252,253,254,255,256
257,258,259,260,261,262,263,264,265,266,267,268,269,270,271,272
273,274,275,276,277,278,279,280,281,282,283,284,285,286,287,288
289,290,291,292,293,294,295,296,297,298,299,300,301,302,303,304
305,306,307,308,309,310,311,312,313,314,315,316,317,318,319,320
321,322,323,324,325,326,327,328,329,330,331,332,333,334,335,336
337,338,339,340,341,342,343,344,345,346,347,348,349,350,351,352
353,354,355,356,357,358,359,360,361,362,363,364,365,366,367,368
369,370,371,372,373,374,375,376,377,378,379,380,381,382,383,384
385,386,387,388,389,390,391,392,393,394,395,396,397,398,399,400
401,402,403,404,405,406,407,408,409,410,411,412,413,414,415,416
417,418,419,420,421,422,423,424,425,426,427,428,429,430,431,432
433,434,435,436,437,438,439,440,441,442,443,444,445,446,447,448
449,450,451,452,453,454,455,456,457,458,459,460,461,462,463,464
465,466,467,468,469,470,471,472,473,474,475,476,477,478,479,480
MACHINE PREDECESSOR INFO: OPERATION, MACHINE PREDECESSOR 
1,77
2,271
3,286
4,190
5,408
6,137
7,357
8,355
9,38
10,440
11,413
12,41
13,42
14,350
15,364
16
17
18,290
19,228
20,291
21,452
22,295
23,195
24,233
25,234
26,330
27,331
28,242
29,335
30,297
31,298
32
33,403
34,191
35,406
36,5
37,466
38,358
39,223
40,8
41,346
42,426
43,424
44,142
45,141
46,477
47,14
48
49
50
51,116
52,231
53,21
54,25
55,126
56,391
57,302
58,165
59,205
60,65
61,383
62,306
63,180
64
65,100
66,99
67,61
68,209
69,263
70,152
71,251
72,210
73,399
74,156
75,157
76,217
77,111
78,316
79,131
80
81,113
82,17
83,369
84,20
85,194
86,196
87,456
88,119
89,458
90,332
91,244
92,204
93,147
94,258
95,207
96
97,91
98,461
99,148
100,248
101,463
102,395
103,206
104,397
105,183
106,155
107,70
108,215
109,214
110,266
111,188
112
113
114
115
116,18
117
118,292
119,193
120,325
121,457
122,328
123,23
124,26
125,201
126,202
127,385
128
129,187
130,189
131,337
132,269
133,218
134,317
135,404
136,417
137,340
138,419
139,465
140,343
141,345
142,471
143,348
144
145,239
146,301
147,303
148,380
149,394
150,166
151,261
152,273
153,67
154,71
155,171
156,104
157,265
158,312
159,267
160
161,389
162,378
163,56
164,379
165,177
166,97
167,94
168,102
169,396
170,103
171,69
172,398
173,213
174,109
175,110
176
177,390
178,257
179,149
180,150
181,168
182,274
183,153
184,170
185,106
186,276
187,108
188,280
189,75
190,283
191,285
192
193,370
194,49
195,323
196,51
197,232
198,52
199,24
200,374
201,326
202,28
203,386
204,300
205,392
206,260
207,247
208
209,101
210,250
211,169
212,181
213,182
214,154
215,73
216,310
217,279
218,281
219,434
220,3
221,437
222,423
223,468
224
225
226
227
228,114
229,451
230,83
231,324
232,84
233,118
234,327
235,86
236,88
237,200
238,124
239,125
240
241,199
242,329
243,333
244,203
245,31
246,162
247,161
248,462
249,58
250,179
251,262
252,275
253,307
254,184
255,311
256
257,246
258,146
259,55
260,93
261,381
262,59
263,57
264,63
265,211
266,278
267,186
268,216
269,313
270,314
271,133
272
273,249
274,60
275,62
276,68
277,212
278,72
279,308
280,253
281,309
282,255
283,268
284,74
285,315
286,78
287,318
288
289
290
291
292,50
293,227
294,371
295,453
296,85
297,120
298,89
299,334
300,54
301,376
302,387
303,377
304
305,178
306,167
307,151
308,264
309,105
310,172
311,185
312,277
313,107
314,173
315,174
316,402
317,175
318,130
319,33
320
321,226
322,81
323,450
324,115
325,229
326,294
327,455
328,197
329,454
330,296
331,121
332,241
333,235
334,375
335,236
336
337,158
338,76
339,270
340,407
341,287
342,35
343,422
344,435
345,470
346,412
347,7
348,39
349,11
350,361
351,363
352
353,219
354,134
355,136
356,409
357,138
358,467
359,342
360,139
361,425
362,10
363,472
364,44
365,478
366,46
367,45
368
369,289
370,449
371,82
372,117
373,293
374,22
375,87
376,123
377,127
378,460
379,388
380,245
381,163
382,98
383,95
384
385,53
386,27
387,29
388,243
389,30
390,237
391,459
392,299
393,145
394,92
395,259
396,382
397,305
398,66
399,252
400
401,129
402,433
403,159
404,284
405,79
406,2
407,353
408,132
409,1
410,436
411,438
412,439
413,360
414,40
415,9
416
417,338
418,405
419,319
420,220
421,341
422,410
423,36
424,6
425,469
426,344
427,473
428,476
429,446
430,15
431,447
432
433,254
434,282
435,401
436,4
437,135
438,339
439,354
440,37
441,222
442,359
443,347
444,415
445,474
446,349
447,143
448
449
450,225
451
452,321
453,322
454,230
455,372
456,19
457,373
458,198
459,122
460,238
461,90
462,393
463,164
464
465,34
466,418
467,421
468,356
469,221
470,420
471,411
472,441
473,442
474,414
475,43
476,12
477,140
478,13
479,443
480