Makespan: 11405
Start: 0
End: 2101
OPERATIONS SEQUENCE: 
1,2,3,4,5,6,7,8,9,10,11,12,13,14,15,16,17,18,19,20,21
22,23,24,25,26,27,28,29,30,31,32,33,34,35,36,37,38,39,40,41,42
43,44,45,46,47,48,49,50,51,52,53,54,55,56,57,58,59,60,61,62,63
64,65,66,67,68,69,70,71,72,73,74,75,76,77,78,79,80,81,82,83,84
85,86,87,88,89,90,91,92,93,94,95,96,97,98,99,100,101,102,103,104,105
106,107,108,109,110,111,112,113,114,115,116,117,118,119,120,121,122,123,124,125,126
127,128,129,130,131,132,133,134,135,136,137,138,139,140,141,142,143,144,145,146,147
148,149,150,151,152,153,154,155,156,157,158,159,160,161,162,163,164,165,166,167,168
169,170,171,172,173,174,175,176,177,178,179,180,181,182,183,184,185,186,187,188,189
190,191,192,193,194,195,196,197,198,199,200,201,202,203,204,205,206,207,208,209,210
211,212,213,214,215,216,217,218,219,220,221,222,223,224,225,226,227,228,229,230,231
232,233,234,235,236,237,238,239,240,241,242,243,244,245,246,247,248,249,250,251,252
253,254,255,256,257,258,259,260,261,262,263,264,265,266,267,268,269,270,271,272,273
274,275,276,277,278,279,280,281,282,283,284,285,286,287,288,289,290,291,292,293,294
295,296,297,298,299,300,301,302,303,304,305,306,307,308,309,310,311,312,313,314,315
316,317,318,319,320,321,322,323,324,325,326,327,328,329,330,331,332,333,334,335,336
337,338,339,340,341,342,343,344,345,346,347,348,349,350,351,352,353,354,355,356,357
358,359,360,361,362,363,364,365,366,367,368,369,370,371,372,373,374,375,376,377,378
379,380,381,382,383,384,385,386,387,388,389,390,391,392,393,394,395,396,397,398,399
400,401,402,403,404,405,406,407,408,409,410,411,412,413,414,415,416,417,418,419,420
421,422,423,424,425,426,427,428,429,430,431,432,433,434,435,436,437,438,439,440,441
442,443,444,445,446,447,448,449,450,451,452,453,454,455,456,457,458,459,460,461,462
463,464,465,466,467,468,469,470,471,472,473,474,475,476,477,478,479,480,481,482,483
484,485,486,487,488,489,490,491,492,493,494,495,496,497,498,499,500,501,502,503,504
505,506,507,508,509,510,511,512,513,514,515,516,517,518,519,520,521,522,523,524,525
526,527,528,529,530,531,532,533,534,535,536,537,538,539,540,541,542,543,544,545,546
547,548,549,550,551,552,553,554,555,556,557,558,559,560,561,562,563,564,565,566,567
568,569,570,571,572,573,574,575,576,577,578,579,580,581,582,583,584,585,586,587,588
589,590,591,592,593,594,595,596,597,598,599,600,601,602,603,604,605,606,607,608,609
610,611,612,613,614,615,616,617,618,619,620,621,622,623,624,625,626,627,628,629,630
631,632,633,634,635,636,637,638,639,640,641,642,643,644,645,646,647,648,649,650,651
652,653,654,655,656,657,658,659,660,661,662,663,664,665,666,667,668,669,670,671,672
673,674,675,676,677,678,679,680,681,682,683,684,685,686,687,688,689,690,691,692,693
694,695,696,697,698,699,700,701,702,703,704,705,706,707,708,709,710,711,712,713,714
715,716,717,718,719,720,721,722,723,724,725,726,727,728,729,730,731,732,733,734,735
736,737,738,739,740,741,742,743,744,745,746,747,748,749,750,751,752,753,754,755,756
757,758,759,760,761,762,763,764,765,766,767,768,769,770,771,772,773,774,775,776,777
778,779,780,781,782,783,784,785,786,787,788,789,790,791,792,793,794,795,796,797,798
799,800,801,802,803,804,805,806,807,808,809,810,811,812,813,814,815,816,817,818,819
820,821,822,823,824,825,826,827,828,829,830,831,832,833,834,835,836,837,838,839,840
841,842,843,844,845,846,847,848,849,850,851,852,853,854,855,856,857,858,859,860,861
862,863,864,865,866,867,868,869,870,871,872,873,874,875,876,877,878,879,880,881,882
883,884,885,886,887,888,889,890,891,892,893,894,895,896,897,898,899,900,901,902,903
904,905,906,907,908,909,910,911,912,913,914,915,916,917,918,919,920,921,922,923,924
925,926,927,928,929,930,931,932,933,934,935,936,937,938,939,940,941,942,943,944,945
946,947,948,949,950,951,952,953,954,955,956,957,958,959,960,961,962,963,964,965,966
967,968,969,970,971,972,973,974,975,976,977,978,979,980,981,982,983,984,985,986,987
988,989,990,991,992,993,994,995,996,997,998,999,1000,1001,1002,1003,1004,1005,1006,1007,1008
1009,1010,1011,1012,1013,1014,1015,1016,1017,1018,1019,1020,1021,1022,1023,1024,1025,1026,1027,1028,1029
1030,1031,1032,1033,1034,1035,1036,1037,1038,1039,1040,1041,1042,1043,1044,1045,1046,1047,1048,1049,1050
1051,1052,1053,1054,1055,1056,1057,1058,1059,1060,1061,1062,1063,1064,1065,1066,1067,1068,1069,1070,1071
1072,1073,1074,1075,1076,1077,1078,1079,1080,1081,1082,1083,1084,1085,1086,1087,1088,1089,1090,1091,1092
1093,1094,1095,1096,1097,1098,1099,1100,1101,1102,1103,1104,1105,1106,1107,1108,1109,1110,1111,1112,1113
1114,1115,1116,1117,1118,1119,1120,1121,1122,1123,1124,1125,1126,1127,1128,1129,1130,1131,1132,1133,1134
1135,1136,1137,1138,1139,1140,1141,1142,1143,1144,1145,1146,1147,1148,1149,1150,1151,1152,1153,1154,1155
1156,1157,1158,1159,1160,1161,1162,1163,1164,1165,1166,1167,1168,1169,1170,1171,1172,1173,1174,1175,1176
1177,1178,1179,1180,1181,1182,1183,1184,1185,1186,1187,1188,1189,1190,1191,1192,1193,1194,1195,1196,1197
1198,1199,1200,1201,1202,1203,1204,1205,1206,1207,1208,1209,1210,1211,1212,1213,1214,1215,1216,1217,1218
1219,1220,1221,1222,1223,1224,1225,1226,1227,1228,1229,1230,1231,1232,1233,1234,1235,1236,1237,1238,1239
1240,1241,1242,1243,1244,1245,1246,1247,1248,1249,1250,1251,1252,1253,1254,1255,1256,1257,1258,1259,1260
1261,1262,1263,1264,1265,1266,1267,1268,1269,1270,1271,1272,1273,1274,1275,1276,1277,1278,1279,1280,1281
1282,1283,1284,1285,1286,1287,1288,1289,1290,1291,1292,1293,1294,1295,1296,1297,1298,1299,1300,1301,1302
1303,1304,1305,1306,1307,1308,1309,1310,1311,1312,1313,1314,1315,1316,1317,1318,1319,1320,1321,1322,1323
1324,1325,1326,1327,1328,1329,1330,1331,1332,1333,1334,1335,1336,1337,1338,1339,1340,1341,1342,1343,1344
1345,1346,1347,1348,1349,1350,1351,1352,1353,1354,1355,1356,1357,1358,1359,1360,1361,1362,1363,1364,1365
1366,1367,1368,1369,1370,1371,1372,1373,1374,1375,1376,1377,1378,1379,1380,1381,1382,1383,1384,1385,1386
1387,1388,1389,1390,1391,1392,1393,1394,1395,1396,1397,1398,1399,1400,1401,1402,1403,1404,1405,1406,1407
1408,1409,1410,1411,1412,1413,1414,1415,1416,1417,1418,1419,1420,1421,1422,1423,1424,1425,1426,1427,1428
1429,1430,1431,1432,1433,1434,1435,1436,1437,1438,1439,1440,1441,1442,1443,1444,1445,1446,1447,1448,1449
1450,1451,1452,1453,1454,1455,1456,1457,1458,1459,1460,1461,1462,1463,1464,1465,1466,1467,1468,1469,1470
1471,1472,1473,1474,1475,1476,1477,1478,1479,1480,1481,1482,1483,1484,1485,1486,1487,1488,1489,1490,1491
1492,1493,1494,1495,1496,1497,1498,1499,1500,1501,1502,1503,1504,1505,1506,1507,1508,1509,1510,1511,1512
1513,1514,1515,1516,1517,1518,1519,1520,1521,1522,1523,1524,1525,1526,1527,1528,1529,1530,1531,1532,1533
1534,1535,1536,1537,1538,1539,1540,1541,1542,1543,1544,1545,1546,1547,1548,1549,1550,1551,1552,1553,1554
1555,1556,1557,1558,1559,1560,1561,1562,1563,1564,1565,1566,1567,1568,1569,1570,1571,1572,1573,1574,1575
1576,1577,1578,1579,1580,1581,1582,1583,1584,1585,1586,1587,1588,1589,1590,1591,1592,1593,1594,1595,1596
1597,1598,1599,1600,1601,1602,1603,1604,1605,1606,1607,1608,1609,1610,1611,1612,1613,1614,1615,1616,1617
1618,1619,1620,1621,1622,1623,1624,1625,1626,1627,1628,1629,1630,1631,1632,1633,1634,1635,1636,1637,1638
1639,1640,1641,1642,1643,1644,1645,1646,1647,1648,1649,1650,1651,1652,1653,1654,1655,1656,1657,1658,1659
1660,1661,1662,1663,1664,1665,1666,1667,1668,1669,1670,1671,1672,1673,1674,1675,1676,1677,1678,1679,1680
1681,1682,1683,1684,1685,1686,1687,1688,1689,1690,1691,1692,1693,1694,1695,1696,1697,1698,1699,1700,1701
1702,1703,1704,1705,1706,1707,1708,1709,1710,1711,1712,1713,1714,1715,1716,1717,1718,1719,1720,1721,1722
1723,1724,1725,1726,1727,1728,1729,1730,1731,1732,1733,1734,1735,1736,1737,1738,1739,1740,1741,1742,1743
1744,1745,1746,1747,1748,1749,1750,1751,1752,1753,1754,1755,1756,1757,1758,1759,1760,1761,1762,1763,1764
1765,1766,1767,1768,1769,1770,1771,1772,1773,1774,1775,1776,1777,1778,1779,1780,1781,1782,1783,1784,1785
1786,1787,1788,1789,1790,1791,1792,1793,1794,1795,1796,1797,1798,1799,1800,1801,1802,1803,1804,1805,1806
1807,1808,1809,1810,1811,1812,1813,1814,1815,1816,1817,1818,1819,1820,1821,1822,1823,1824,1825,1826,1827
1828,1829,1830,1831,1832,1833,1834,1835,1836,1837,1838,1839,1840,1841,1842,1843,1844,1845,1846,1847,1848
1849,1850,1851,1852,1853,1854,1855,1856,1857,1858,1859,1860,1861,1862,1863,1864,1865,1866,1867,1868,1869
1870,1871,1872,1873,1874,1875,1876,1877,1878,1879,1880,1881,1882,1883,1884,1885,1886,1887,1888,1889,1890
1891,1892,1893,1894,1895,1896,1897,1898,1899,1900,1901,1902,1903,1904,1905,1906,1907,1908,1909,1910,1911
1912,1913,1914,1915,1916,1917,1918,1919,1920,1921,1922,1923,1924,1925,1926,1927,1928,1929,1930,1931,1932
1933,1934,1935,1936,1937,1938,1939,1940,1941,1942,1943,1944,1945,1946,1947,1948,1949,1950,1951,1952,1953
1954,1955,1956,1957,1958,1959,1960,1961,1962,1963,1964,1965,1966,1967,1968,1969,1970,1971,1972,1973,1974
1975,1976,1977,1978,1979,1980,1981,1982,1983,1984,1985,1986,1987,1988,1989,1990,1991,1992,1993,1994,1995
1996,1997,1998,1999,2000,2001,2002,2003,2004,2005,2006,2007,2008,2009,2010,2011,2012,2013,2014,2015,2016
2017,2018,2019,2020,2021,2022,2023,2024,2025,2026,2027,2028,2029,2030,2031,2032,2033,2034,2035,2036,2037
2038,2039,2040,2041,2042,2043,2044,2045,2046,2047,2048,2049,2050,2051,2052,2053,2054,2055,2056,2057,2058
2059,2060,2061,2062,2063,2064,2065,2066,2067,2068,2069,2070,2071,2072,2073,2074,2075,2076,2077,2078,2079
2080,2081,2082,2083,2084,2085,2086,2087,2088,2089,2090,2091,2092,2093,2094,2095,2096,2097,2098,2099,2100
MACHINE PREDECESSOR INFO: OPERATION, MACHINE PREDECESSOR 
1,2060
2,287
3,1771
4,451
5,289
6,290
7,928
8,1376
9,1284
10,1286
11,930
12,1051
13,936
14,1904
15,1908
16,938
17,565
18,1059
19,24
20,25
21
22,944
23,17
24,1298
25,566
26,1057
27,731
28,1061
29,1137
30,1140
31,1065
32,1067
33,1760
34,488
35,1069
36,344
37,489
38,492
39,395
40,1662
41,1148
42
43,1085
44,830
45,831
46,1305
47,1306
48,1088
49,1406
50,1177
51,1814
52,614
53,1453
54,1094
55,1945
56,1187
57,660
58,683
59,620
60,1104
61,1317
62,625
63
64,131
65,1326
66,1114
67,1972
68,1884
69,1167
70,1363
71,1338
72,143
73,1123
74,1343
75,298
76,1213
77,518
78,1128
79,869
80,1408
81,197
82,870
83,872
84
85
86
87,948
88,1263
89,950
90,907
91,955
92,1270
93,538
94,1272
95,1564
96,2015
97,1565
98,963
99,1156
100,1349
101,129
102,176
103,1736
104,1569
105
106,405
107,832
108,1400
109,751
110,1308
111,1818
112,409
113,673
114,674
115,675
116,53
117,619
118,1186
119,682
120,661
121,1459
122,1318
123,688
124,691
125,692
126
127,544
128,96
129,922
130,173
131,1353
132,1199
133,177
134,1202
135,2042
136,505
137,1205
138,1335
139,1741
140,509
141,1208
142,190
143,1339
144,188
145,192
146,1211
147
148,1410
149,442
150,700
151,306
152,309
153,874
154,701
155,1220
156,707
157,1420
158,2053
159,1421
160,277
161,1768
162,207
163,581
164,710
165,212
166,1772
167,452
168
169,1697
170,95
171,543
172,97
173,1734
174,921
175,1566
176,1877
177,1325
178,101
179,1738
180,2038
181,1881
182,1330
183,865
184,66
185,1332
186,1119
187,69
188,1333
189
190,1336
191,1337
192,1209
193,2049
194,1210
195,1341
196,75
197,1124
198,1214
199,871
200,82
201,83
202,699
203,153
204,1366
205,1640
206,1367
207,1767
208,1422
209,1770
210
211,1225
212,2061
213,1643
214,1644
215,450
216,2063
217,2067
218,166
219,1237
220,457
221,1649
222,1894
223,1652
224,717
225,1657
226,814
227,557
228,12
229,559
230,1625
231
232,992
233,1251
234,1925
235,994
236,1252
237,1931
238,1256
239,1792
240,1515
241,1795
242,368
243,970
244,971
245,1430
246,738
247,976
248,635
249,600
250,639
251,1523
252
253,1704
254,2094
255,2025
256,429
257,795
258,1242
259,1043
260,1709
261,434
262,1044
263,1546
264,2032
265,1787
266,329
267,360
268,997
269,1789
270,333
271,366
272,1517
273
274,2051
275,302
276,521
277,201
278,203
279,447
280,448
281,1368
282,1227
283,712
284,1229
285,449
286,881
287,713
288,1371
289,584
290,1234
291,216
292,1236
293,2069
294
295,1168
296,866
297,193
298,1340
299,1121
300,867
301,194
302,519
303,517
304,696
305,274
306,1409
307,148
308,1415
309,443
310,578
311,202
312,577
313,1418
314,158
315
316,1490
317,1503
318,2022
319,427
320,2024
321,1705
322,1707
323,2029
324,2097
325,1037
326,258
327,991
328,358
329,1713
330,1549
331,235
332,1550
333,1717
334,1720
335,1718
336
337,893
338,1758
339,389
340,1141
341,1144
342,32
343,1579
344,391
345,1146
346,34
347,394
348,1474
349,1597
350,493
351,1663
352,2081
353,1492
354,1477
355,1479
356,1861
357
358,1249
359,993
360,1548
361,1551
362,1928
363,591
364,1255
365,1553
366,1387
367,1389
368,270
369,968
370,596
371,237
372,1001
373,1518
374,1075
375,974
376,741
377,638
378
379,1624
380,1628
381,16
382,1297
383,1018
384,1976
385,1021
386,1024
387,1023
388,1982
389,1757
390,1028
391,1762
392,1660
393,1582
394,1583
395,1584
396,1853
397,345
398,494
399
400,1441
401,643
402,746
403,1445
404,747
405,1828
406,608
407,648
408,1834
409,463
410,45
411,46
412,110
413,611
414,755
415,470
416,1825
417,1314
418,1944
419,1098
420
421,1593
422,1675
423,852
424,1612
425,1677
426,2020
427,1031
428,1538
429,792
430,860
431,1540
432,794
433,322
434,2030
435,1244
436,260
437,797
438,359
439,995
440,996
441
442,78
443,697
444,1130
445,873
446,705
447,154
448,205
449,1221
450,283
451,2064
452,288
453,801
454,3
455,5
456,291
457,1425
458,6
459,929
460,547
461,1780
462
463,1810
464,835
465,1816
466,753
467,111
468,1820
469,1844
470,1940
471,412
472,1847
473,1179
474,49
475,1826
476,1455
477,1948
478,1458
479,1102
480,626
481,1190
482,1103
483
484,1138
485,1062
486,338
487,31
488,1985
489,1852
490,1988
491,1471
492,759
493,902
494,842
495,348
496,1598
497,1854
498,1859
499,780
500,1499
501,2088
502,781
503,2086
504
505,179
506,133
507,134
508,181
509,1742
510,1364
511,68
512,186
513,138
514,1169
515,568
516,571
517,71
518,1173
519,868
520,1129
521,301
522,1175
523,1217
524,575
525
526
527
528,904
529,87
530,2001
531,1728
532,909
533,1689
534,1269
535,911
536,2004
537,913
538,1557
539,1558
540,92
541,1732
542,94
543,919
544,1273
545,1275
546
547,1778
548,1426
549,1283
550,716
551,1378
552,1781
553,1654
554,9
555,1656
556,11
557,934
558,813
559,1293
560,1901
561,1899
562,228
563,1626
564,1907
565,1910
566,1296
567
568,1888
569,191
570,513
571,2047
572,144
573,1125
574,79
575,196
576,77
577,149
578,1131
579,703
580,877
581,2056
582,204
583,162
584,2062
585,208
586,1423
587,209
588
589,1247
590,1048
591,1253
592,1930
593,1791
594,367
595,234
596,238
597,334
598,967
599,371
600,636
601,1076
602,376
603,377
604,400
605,983
606,251
607,1799
608,1444
609
610,112
611,466
612,1401
613,469
614,1313
615,114
616,115
617,1093
618,415
619,474
620,1454
621,1184
622,1456
623,475
624,1188
625,1100
626,662
627,687
628,1107
629,1466
630
631,1721
632,369
633,1390
634,1072
635,1796
636,1000
637,739
638,1077
639,1078
640,1007
641,1439
642,979
643,1442
644,982
645,743
646,981
647,1396
648,607
649,1830
650,1803
651
652,676
653,1096
654,1183
655,472
656,679
657,419
658,117
659,1316
660,1101
661,476
662,56
663,54
664,685
665,61
666,1462
667,690
668,1950
669,1468
670,123
671,124
672
673,839
674,1451
675,47
676,1178
677,613
678,52
679,1180
680,618
681,654
682,655
683,418
684,1189
685,118
686,59
687,120
688,60
689,663
690,479
691,481
692,1194
693
694,299
695,146
696,1127
697,73
698,198
699,522
700,199
701,1411
702,444
703,200
704,1219
705,1133
706,875
707,876
708,2054
709,312
710,1224
711,206
712,314
713,161
714
715,1651
716,1893
717,460
718,808
719,1288
720,2077
721,1896
722,935
723,1011
724,226
725,561
726,1744
727,230
728,941
729,1749
730,885
731,382
732,19
733,890
734,889
735
736,1433
737,243
738,598
739,973
740,245
741,244
742,1079
743,247
744,249
745,1394
746,1082
747,644
748,1800
749,606
750,1529
751,1530
752,1402
753,1307
754,1309
755,467
756
757,485
758,1143
759,896
760,393
761,346
762,1473
763,397
764,1475
765,398
766,1478
767,1667
768,2083
769,1154
770,1858
771,2085
772,1669
773,1497
774,500
775,1670
776,849
777
778,355
779,1860
780,1589
781,1590
782,846
783,844
784,1485
785,775
786,1607
787,1505
788,2019
789,316
790,317
791,855
792,318
793,1914
794,253
795,320
796,2026
797,1045
798
799,285
800,282
801,1645
802,1773
803,587
804,1892
805,456
806,2070
807,715
808,2074
809,550
810,931
811,1287
812,1381
813,1382
814,1898
815,555
816,1053
817,1385
818,1621
819
820,374
821,599
822,1520
823,1080
824,1395
825,744
826,1083
827,250
828,984
829,745
830,1399
831,1808
832,407
833,1532
834,1087
835,1086
836,108
837,1089
838,1837
839,1809
840
841,36
842,1990
843,347
844,1856
845,767
846,1862
847,498
848,1673
849,1484
850,2087
851,1676
852,1501
853,2017
854,1506
855,425
856,787
857,2093
858,1614
859,789
860,1702
861
862,1973
863,1740
864,1117
865,1165
866,136
867,1889
868,1170
869,195
870,520
871,573
872,1216
873,81
874,304
875,276
876,1416
877,307
878,1412
879,708
880,1766
881,2059
882
883,1622
884,1909
885,1747
886,1748
887,1301
888,1631
889,1633
890,381
891,26
892,1755
893,1635
894,1027
895,1576
896,1578
897,486
898,757
899,1145
900,1068
901,343
902,1472
903
904
905
906,86
907,1264
908
909,1726
910,1684
911,1955
912,1266
913,1267
914,1956
915,2009
916,534
917,2012
918,1696
919,2013
920,1698
921,1872
922,1961
923,1348
924
925,799
926,1769
927,2
928,1776
929,1238
930,2071
931,8
932,1782
933,1380
934,1783
935,812
936,1052
937,1292
938,1012
939,1054
940,1905
941,1745
942,15
943,1135
944,727
945
946
947
948
949,1998
950,1997
951,1725
952,1999
953
954,1268
955,532
956,2006
957,1694
958,2007
959,1271
960,539
961,1563
962,542
963,1699
964,541
965,1567
966
967,269
968,1429
969,1794
970,1073
971,1431
972,370
973,1002
974,633
975,736
976,1003
977,373
978,372
979,1006
980,1522
981,820
982,1440
983,1436
984,603
985,402
986,824
987
988,1921
989,432
990,2031
991,259
992,1042
993,1710
994,436
995,1047
996,589
997,2036
998,1716
999,595
1000,1432
1001,631
1002,1074
1003,597
1004,737
1005,1519
1006,740
1007,972
1008
1009,718
1010,1784
1011,551
1012,1291
1013,1900
1014,725
1015,560
1016,562
1017,1746
1018,1629
1019,22
1020,1630
1021,18
1022,887
1023,1975
1024,1977
1025,732
1026,20
1027,1756
1028,1849
1029
1030,1507
1031,1678
1032,1613
1033,1535
1034,1511
1035,424
1036,1536
1037,255
1038,1240
1039,2027
1040,1241
1041,1542
1042,1708
1043,2098
1044,1915
1045,1922
1046,1246
1047,1924
1048,1786
1049,328
1050
1051,932
1052,1618
1053,1384
1054,1010
1055,1902
1056,724
1057,1627
1058,884
1059,1752
1060,564
1061,1017
1062,1978
1063,892
1064,1026
1065,1636
1066,1142
1067,1984
1068,1983
1069,1580
1070,1851
1071
1072,1793
1073,594
1074,241
1075,1391
1076,1797
1077,1392
1078,977
1079,248
1080,1437
1081,640
1082,822
1083,642
1084,401
1085,825
1086,749
1087,1804
1088,107
1089,1812
1090,1805
1091,1936
1092
1093,468
1094,1846
1095,1845
1096,1824
1097,473
1098,678
1099,417
1100,1947
1101,1946
1102,624
1103,616
1104,478
1105,477
1106,659
1107,119
1108,1949
1109,627
1110,1461
1111,1465
1112,668
1113
1114,1966
1115,103
1116,1358
1117,1571
1118,1574
1119,1206
1120,2043
1121,140
1122,1887
1123,2048
1124,570
1125,514
1126,1172
1127,516
1128,1342
1129,1212
1130,74
1131,80
1132,698
1133,1414
1134
1135,883
1136,1295
1137,886
1138,1979
1139,1025
1140,1980
1141,1063
1142,733
1143,388
1144,894
1145,1759
1146,1761
1147,339
1148,898
1149,38
1150,761
1151,396
1152,1857
1153,765
1154,1666
1155
1156,1276
1157,545
1158,923
1159,1355
1160,1962
1161,104
1162,1570
1163,1968
1164,1573
1165,1204
1166,506
1167,1118
1168,1362
1169,1207
1170,137
1171,515
1172,2050
1173,297
1174,694
1175,76
1176
1177,1310
1178,1452
1179,1823
1180,51
1181,615
1182,1822
1183,471
1184,1941
1185,680
1186,1457
1187,1099
1188,116
1189,658
1190,622
1191,686
1192,57
1193,121
1194,1460
1195,482
1196,1463
1197
1198,1347
1199,174
1200,1351
1201,64
1202,1160
1203,1739
1204,1115
1205,1882
1206,863
1207,67
1208,1886
1209,2045
1210,187
1211,2046
1212,295
1213,572
1214,300
1215,1126
1216,1174
1217,574
1218
1219,1413
1220,702
1221,308
1222,706
1223,310
1224,878
1225,1419
1226,159
1227,1641
1228,1370
1229,711
1230,281
1231,582
1232,1
1233,215
1234,926
1235,1646
1236,1642
1237,927
1238,1777
1239
1240,1919
1241,1918
1242,1703
1243,254
1244,257
1245,433
1246,989
1247,1923
1248,1039
1249,2033
1250,990
1251,261
1252,438
1253,439
1254,331
1255,1714
1256,332
1257,1552
1258,1516
1259,335
1260
1261
1262,526
1263,527
1264,1683
1265,528
1266,952
1267,1687
1268,531
1269,1690
1270,2002
1271,1731
1272,1556
1273,1560
1274,1562
1275,1960
1276,1871
1277,1700
1278,920
1279,172
1280,1963
1281
1282,167
1283,4
1284,2072
1285,1653
1286,461
1287,2073
1288,1655
1289,810
1290,2075
1291,1619
1292,1009
1293,1620
1294,722
1295,13
1296,726
1297,1016
1298,1750
1299,942
1300,1013
1301,1751
1302
1303,1933
1304,1832
1305,834
1306,1813
1307,1836
1308,1815
1309,410
1310,1817
1311,1819
1312,1840
1313,1821
1314,113
1315,617
1316,1943
1317,1185
1318,58
1319,689
1320,1108
1321,1192
1322,629
1323
1324,130
1325,1280
1326,1354
1327,100
1328,1879
1329,1359
1330,1116
1331,1361
1332,1164
1333,864
1334,862
1335,2044
1336,184
1337,1885
1338,183
1339,512
1340,1120
1341,1122
1342,145
1343,296
1344
1345,958
1346,1957
1347,93
1348,962
1349,961
1350,1157
1351,99
1352,1875
1353,1876
1354,1279
1355,98
1356,175
1357,1324
1358,1969
1359,1967
1360,1162
1361,178
1362,135
1363,1166
1364,1334
1365
1366,446
1367,580
1368,157
1369,160
1370,279
1371,211
1372,800
1373,1775
1374,455
1375,1427
1376,1779
1377,805
1378,1285
1379,548
1380,549
1381,552
1382,10
1383,811
1384,1658
1385,554
1386
1387,1514
1388,1719
1389,1513
1390,1257
1391,999
1392,1435
1393,975
1394,1005
1395,742
1396,1525
1397,605
1398,403
1399,404
1400,1807
1401,649
1402,1829
1403,1935
1404,1304
1405,1938
1406,838
1407
1408,695
1409,1171
1410,1215
1411,2052
1412,524
1413,305
1414,275
1415,150
1416,576
1417,152
1418,445
1419,1765
1420,311
1421,2055
1422,2057
1423,1369
1424,2066
1425,1647
1426,1648
1427,804
1428
1429,592
1430,271
1431,998
1432,969
1433,236
1434,242
1435,239
1436,634
1437,246
1438,978
1439,1798
1440,601
1441,375
1442,980
1443,1081
1444,1524
1445,645
1446,646
1447,827
1448,986
1449
1450,109
1451,465
1452,1842
1453,1311
1454,414
1455,1182
1456,1942
1457,1315
1458,621
1459,657
1460,55
1461,684
1462,122
1463,1319
1464,480
1465,665
1466,1105
1467,62
1468,1195
1469,628
1470
1471,1987
1472,1581
1473,1147
1474,39
1475,40
1476,349
1477,1149
1478,351
1479,1585
1480,1493
1481,1855
1482,1151
1483,1495
1484,356
1485,847
1486,848
1487,785
1488,422
1489,786
1490,421
1491
1492,1992
1493,496
1494,1661
1495,1153
1496,352
1497,1587
1498,1481
1499,1482
1500,1863
1501,1606
1502,2089
1503,1865
1504,784
1505,1592
1506,1609
1507,1487
1508,1489
1509,1611
1510,1913
1511,426
1512
1513,1926
1514,590
1515,364
1516,1388
1517,363
1518,593
1519,632
1520,1434
1521,1393
1522,821
1523,1438
1524,637
1525,602
1526,1443
1527,823
1528,1397
1529,1801
1530,828
1531,1802
1532,1398
1533
1534,423
1535,2092
1536,1508
1537,1032
1538,1509
1539,1615
1540,1510
1541,1706
1542,2095
1543,319
1544,1040
1545,1245
1546,1248
1547,326
1548,796
1549,1046
1550,1712
1551,1788
1552,1929
1553,1254
1554
1555,1686
1556,1729
1557,1730
1558,2010
1559,957
1560,915
1561,1695
1562,914
1563,1958
1564,1345
1565,535
1566,918
1567,169
1568,1277
1569,1874
1570,132
1571,2040
1572,1203
1573,1971
1574,1329
1575
1576,383
1577,888
1578,387
1579,28
1580,341
1581,758
1582,1986
1583,900
1584,1989
1585,37
1586,1601
1587,1602
1588,766
1589,768
1590,1668
1591,1604
1592,771
1593,1674
1594,1608
1595,776
1596
1597,1991
1598,760
1599,1150
1600,762
1601,764
1602,2082
1603,354
1604,769
1605,1496
1606,772
1607,501
1608,774
1609,503
1610,2090
1611,783
1612,1595
1613,1867
1614,2021
1615,1912
1616,1033
1617
1618,809
1619,1897
1620,720
1621,2076
1622,721
1623,815
1624,1903
1625,1906
1626,816
1627,14
1628,1014
1629,728
1630,1058
1631,23
1632,1060
1633,1754
1634,384
1635,27
1636,730
1637,29
1638
1639,704
1640,1223
1641,879
1642,880
1643,1228
1644,163
1645,284
1646,286
1647,1232
1648,802
1649,454
1650,219
1651,1374
1652,459
1653,217
1654,806
1655,1377
1656,218
1657,1289
1658,1290
1659
1660,487
1661,490
1662,897
1663,1070
1664,763
1665,350
1666,2080
1667,495
1668,1993
1669,778
1670,497
1671,1483
1672,770
1673,499
1674,1864
1675,773
1676,1500
1677,1594
1678,2091
1679,2018
1680
1681,1996
1682
1683
1684,1723
1685,1724
1686,906
1687,947
1688,1265
1689,1954
1690,89
1691,951
1692,946
1693,953
1694,536
1695,954
1696,956
1697,540
1698,1346
1699,1274
1700,2011
1701
1702,790
1703,1034
1704,1916
1705,1616
1706,856
1707,793
1708,256
1709,2099
1710,325
1711,324
1712,262
1713,1250
1714,327
1715,1049
1716,1927
1717,440
1718,267
1719,362
1720,361
1721,265
1722
1723,1262
1724,949
1725,1261
1726
1727,529
1728,2000
1729,1681
1730,912
1731,533
1732,2008
1733,916
1734,1873
1735,128
1736,1965
1737,1964
1738,1200
1739,102
1740,1880
1741,1163
1742,1883
1743
1744,818
1745,1055
1746,229
1747,1015
1748,1056
1749,563
1750,940
1751,379
1752,943
1753,380
1754,1300
1755,1019
1756,1634
1757,891
1758,386
1759,1632
1760,1066
1761,1577
1762,1850
1763,337
1764
1765,579
1766,1417
1767,1639
1768,313
1769,156
1770,213
1771,1230
1772,2065
1773,1233
1774,925
1775,165
1776,453
1777,1891
1778,2068
1779,293
1780,1424
1781,220
1782,1375
1783,807
1784,719
1785
1786,2035
1787,2034
1788,437
1789,1715
1790,266
1791,330
1792,268
1793,365
1794,1258
1795,1259
1796,272
1797,240
1798,1004
1799,1521
1800,1526
1801,604
1802,1446
1803,985
1804,647
1805,1833
1806
1807,748
1808,1528
1809,1831
1810,1934
1811,1303
1812,750
1813,1403
1814,106
1815,1090
1816,408
1817,1091
1818,1404
1819,1939
1820,1839
1821,1841
1822,1843
1823,612
1824,413
1825,677
1826,652
1827
1828,826
1829,1084
1830,1527
1831,641
1832,1447
1833,829
1834,43
1835,650
1836,1531
1837,1811
1838,836
1839,1937
1840,837
1841,1405
1842,48
1843,411
1844,1450
1845,754
1846,610
1847,50
1848
1849,1637
1850,484
1851,30
1852,1981
1853,342
1854,35
1855,1599
1856,1665
1857,1476
1858,843
1859,1994
1860,1586
1861,2084
1862,1480
1863,1603
1864,1605
1865,1591
1866,502
1867,1502
1868,1610
1869
1870,537
1871,1959
1872,2014
1873,960
1874,171
1875,127
1876,1733
1877,1350
1878,1278
1879,1737
1880,1159
1881,1970
1882,2041
1883,180
1884,1331
1885,507
1886,182
1887,139
1888,142
1889,70
1890
1891,586
1892,1235
1893,1373
1894,458
1895,7
1896,553
1897,2078
1898,933
1899,1383
1900,556
1901,225
1902,558
1903,227
1904,723
1905,1623
1906,817
1907,937
1908,224
1909,1294
1910,939
1911
1912,1486
1913,853
1914,854
1915,788
1916,857
1917,1035
1918,859
1919,428
1920,858
1921,2096
1922,1243
1923,2028
1924,323
1925,1547
1926,263
1927,435
1928,264
1929,232
1930,233
1931,1790
1932
1933,406
1934,1448
1935,1835
1936,833
1937,44
1938,464
1939,752
1940,1838
1941,1312
1942,1095
1943,1181
1944,1097
1945,653
1946,416
1947,681
1948,656
1949,623
1950,1191
1951,1464
1952,1109
1953
1954,85
1955,1685
1956,530
1957,2003
1958,2005
1959,1559
1960,917
1961,1561
1962,170
1963,964
1964,965
1965,1352
1966,1198
1967,1735
1968,1356
1969,1568
1970,1158
1971,1201
1972,2039
1973,1161
1974
1975,729
1976,1299
1977,1136
1978,1753
1979,1020
1980,1022
1981,385
1982,1064
1983,1139
1984,734
1985,895
1986,340
1987,1763
1988,33
1989,899
1990,901
1991,392
1992,390
1993,1600
1994,1664
1995
1996
1997
1998
1999,1682
2000
2001
2002,905
2003,1727
2004,908
2005,1688
2006,88
2007,910
2008,1555
2009,1692
2010,90
2011,91
2012,1693
2013,1691
2014,959
2015,1870
2016
2017,1866
2018,1498
2019,1488
2020,850
2021,1030
2022,1868
2023,851
2024,1537
2025,1539
2026,1917
2027,430
2028,1036
2029,1541
2030,321
2031,1041
2032,1543
2033,988
2034,1544
2035,1545
2036,1711
2037
2038,1327
2039,1357
2040,1878
2041,65
2042,1328
2043,1360
2044,1572
2045,508
2046,510
2047,185
2048,569
2049,141
2050,511
2051,72
2052,303
2053,523
2054,151
2055,1132
2056,1222
2057,155
2058
2059,709
2060,278
2061,280
2062,1226
2063,164
2064,583
2065,1231
2066,214
2067,1774
2068,1372
2069,585
2070,1282
2071,803
2072,292
2073,1650
2074,221
2075,222
2076,223
2077,1895
2078,1379
2079
2080,491
2081,41
2082,841
2083,353
2084,1494
2085,1152
2086,1588
2087,779
2088,1672
2089,845
2090,1671
2091,782
2092,1504
2093,1679
2094,2023
2095,791
2096,1534
2097,1038
2098,431
2099,1920
2100