Makespan: 4972
Start: 0
End: 801
OPERATIONS SEQUENCE: 
1,2,3,4,5,6,7,8,9,10,11,12,13,14,15,16
17,18,19,20,21,22,23,24,25,26,27,28,29,30,31,32
33,34,35,36,37,38,39,40,41,42,43,44,45,46,47,48
49,50,51,52,53,54,55,56,57,58,59,60,61,62,63,64
65,66,67,68,69,70,71,72,73,74,75,76,77,78,79,80
81,82,83,84,85,86,87,88,89,90,91,92,93,94,95,96
97,98,99,100,101,102,103,104,105,106,107,108,109,110,111,112
113,114,115,116,117,118,119,120,121,122,123,124,125,126,127,128
129,130,131,132,133,134,135,136,137,138,139,140,141,142,143,144
145,146,147,148,149,150,151,152,153,154,155,156,157,158,159,160
161,162,163,164,165,166,167,168,169,170,171,172,173,174,175,176
177,178,179,180,181,182,183,184,185,186,187,188,189,190,191,192
193,194,195,196,197,198,199,200,201,202,203,204,205,206,207,208
209,210,211,212,213,214,215,216,217,218,219,220,221,222,223,224
225,226,227,228,229,230,231,232,233,234,235,236,237,238,239,240
241,242,243,244,245,246,247,248,249,250,251,252,253,254,255,256
257,258,259,260,261,262,263,264,265,266,267,268,269,270,271,272
273,274,275,276,277,278,279,280,281,282,283,284,285,286,287,288
289,290,291,292,293,294,295,296,297,298,299,300,301,302,303,304
305,306,307,308,309,310,311,312,313,314,315,316,317,318,319,320
321,322,323,324,325,326,327,328,329,330,331,332,333,334,335,336
337,338,339,340,341,342,343,344,345,346,347,348,349,350,351,352
353,354,355,356,357,358,359,360,361,362,363,364,365,366,367,368
369,370,371,372,373,374,375,376,377,378,379,380,381,382,383,384
385,386,387,388,389,390,391,392,393,394,395,396,397,398,399,400
401,402,403,404,405,406,407,408,409,410,411,412,413,414,415,416
417,418,419,420,421,422,423,424,425,426,427,428,429,430,431,432
433,434,435,436,437,438,439,440,441,442,443,444,445,446,447,448
449,450,451,452,453,454,455,456,457,458,459,460,461,462,463,464
465,466,467,468,469,470,471,472,473,474,475,476,477,478,479,480
481,482,483,484,485,486,487,488,489,490,491,492,493,494,495,496
497,498,499,500,501,502,503,504,505,506,507,508,509,510,511,512
513,514,515,516,517,518,519,520,521,522,523,524,525,526,527,528
529,530,531,532,533,534,535,536,537,538,539,540,541,542,543,544
545,546,547,548,549,550,551,552,553,554,555,556,557,558,559,560
561,562,563,564,565,566,567,568,569,570,571,572,573,574,575,576
577,578,579,580,581,582,583,584,585,586,587,588,589,590,591,592
593,594,595,596,597,598,599,600,601,602,603,604,605,606,607,608
609,610,611,612,613,614,615,616,617,618,619,620,621,622,623,624
625,626,627,628,629,630,631,632,633,634,635,636,637,638,639,640
641,642,643,644,645,646,647,648,649,650,651,652,653,654,655,656
657,658,659,660,661,662,663,664,665,666,667,668,669,670,671,672
673,674,675,676,677,678,679,680,681,682,683,684,685,686,687,688
689,690,691,692,693,694,695,696,697,698,699,700,701,702,703,704
705,706,707,708,709,710,711,712,713,714,715,716,717,718,719,720
721,722,723,724,725,726,727,728,729,730,731,732,733,734,735,736
737,738,739,740,741,742,743,744,745,746,747,748,749,750,751,752
753,754,755,756,757,758,759,760,761,762,763,764,765,766,767,768
769,770,771,772,773,774,775,776,777,778,779,780,781,782,783,784
785,786,787,788,789,790,791,792,793,794,795,796,797,798,799,800
MACHINE PREDECESSOR INFO: OPERATION, MACHINE PREDECESSOR 
1,437
2,436
3,572
4,549
5,395
6,441
7,270
8,101
9,517
10,102
11,575
12,168
13,524
14,554
15,173
16
17,201
18,467
19,749
20,748
21,471
22,675
23,775
24,40
25,87
26,477
27,476
28,91
29,329
30,92
31,783
32
33,631
34,745
35,747
36,469
37,232
38,84
39,674
40,85
41,22
42,676
43,680
44,238
45,346
46,681
47,682
48
49
50
51
52,642
53,643
54,278
55,694
56,194
57,769
58,695
59,650
60,197
61,743
62,226
63,699
64
65,273
66
67
68,49
69,626
70,647
71,55
72,54
73,690
74,739
75,651
76,59
77,655
78,746
79,773
80
81,468
82,321
83,231
84,750
85,207
86,778
87,236
88,237
89,475
90,781
91,344
92,499
93,26
94,246
95,248
96
97,418
98,389
99,569
100,516
101,550
102,424
103,443
104,166
105,444
106,523
107,522
108,171
109,555
110,13
111,429
112
113,504
114,753
115,251
116,754
117,616
118,535
119,376
120,687
121,755
122,597
123,657
124,382
125,762
126,760
127,727
128
129,452
130,664
131,511
132,359
133,210
134,790
135,486
136,212
137,363
138,488
139,213
140,147
141,404
142,366
143,182
144
145,669
146,735
147,402
148,490
149,577
150,215
151,141
152,181
153,493
154,310
155,260
156,495
157,411
158,562
159,563
160
161,590
162,394
163,100
164,5
165,7
166,520
167,519
168,103
169,553
170,445
171,11
172,106
173,430
174,427
175,14
176
177,458
178,671
179,460
180,491
181,462
182,706
183,217
184,708
185,710
186,711
187,712
188,222
189,386
190,385
191,387
192
193
194,67
195,648
196,693
197,70
198,696
199,630
200,698
201,62
202,636
203,771
204,77
205,78
206,18
207,470
208
209,130
210,730
211,668
212,484
213,145
214,792
215,306
216,705
217,796
218,257
219,143
220,308
221,799
222,154
223,410
224
225,738
226,283
227,770
228,61
229,744
230,34
231,79
232,751
233,81
234,473
235,341
236,776
237,343
238,23
239,89
240
241,39
242,497
243,41
244,345
245,44
246,501
247,331
248,46
249,370
250,371
251,372
252,374
253,505
254,506
255,375
256
257,140
258,797
259,581
260,580
261,407
262,158
263,316
264,434
265,718
266,417
267,435
268,419
269,393
270,422
271,440
272
273
274
275
276
277
278,644
279,69
280,53
281,646
282,56
283,73
284,195
285,652
286,465
287,33
288
289,658
290,618
291,724
292,355
293,620
294,726
295,622
296,360
297,729
298,666
299,131
300,788
301,607
302,789
303,670
304
305,132
306,138
307,794
308,148
309,216
310,461
311,142
312,405
313,408
314,561
315,587
316,714
317,564
318,388
319,567
320
321,703
322,337
323,205
324,35
325,472
326,38
327,235
328,86
329,498
330,25
331,43
332,347
333,45
334,529
335,614
336
337,635
338,639
339,36
340,206
341,19
342,37
343,324
344,678
345,24
346,239
347,500
348,245
349,612
350,93
351,249
352
353,538
354,122
355,380
356,759
357,619
358,540
359,541
360,767
361,663
362,454
363,731
364,135
365,457
366,214
367,307
368
369,244
370,29
371,502
372,30
373,247
374,333
375,531
376,253
377,615
378,617
379,532
380,596
381,120
382,685
383,353
384
385,312
386,153
387,409
388,261
389,716
390,314
391,262
392,97
393,546
394,267
395,268
396,423
397,163
398,165
399,521
400
401,605
402,667
403,459
404,179
405,578
406,367
407,707
408,259
409,709
410,584
411,185
412,183
413,188
414,586
415,715
416
417,717
418,263
419,545
420,719
421,548
422,568
423,515
424,162
425,573
426,3
427,8
428,397
429,167
430,105
431,104
432
433,159
434,565
435,566
436,390
437,319
438,570
439,571
440,420
441,421
442,99
443,396
444,518
445,426
446,552
447,398
448
449,291
450,290
451,356
452,358
453,127
454,785
455,483
456,296
457,134
458,487
459,302
460,301
461,364
462,489
463,795
464
465,75
466,60
467,228
468,203
469,638
470,774
471,338
472,230
473,322
474,83
475,780
476,342
477,241
478,327
479,782
480
481,662
482,129
483,542
484,297
485,362
486,606
487,133
488,456
489,791
490,793
491,146
492,305
493,309
494,218
495,219
496
497,88
498,679
499,42
500,243
501,27
502,610
503,348
504,95
505,349
506,611
507,533
508,595
509,539
510,600
511,761
512
513,190
514,318
515,547
516,1
517,439
518,574
519,4
520,551
521,442
522,164
523,6
524,446
525,447
526,10
527,170
528
529,683
530,332
531,47
532,113
533,116
534,335
535,252
536,254
537,756
538,686
539,378
540,121
541,660
542,763
543,765
544
545,433
546,315
547,265
548,391
549,591
550,438
551,2
552,425
553,9
554,399
555,525
556,428
557,526
558,108
559,527
560
561,187
562,223
563,713
564,412
565,189
566,414
567,415
568,589
569,266
570,514
571,392
572,98
573,161
574,269
575,271
576
577,303
578,139
579,180
580,463
581,152
582,406
583,494
584,184
585,221
586,186
587,156
588,413
589,157
590,191
591,264
592
593,613
594,250
595,334
596,534
597,255
598,507
599,757
600,721
601,289
602,725
603,451
604,661
605,665
606,298
607,481
608
609,328
610,28
611,330
612,479
613,31
614,684
615,530
616,351
617,114
618,537
619,723
620,659
621,764
622,126
623,728
624
625,641
626
627,66
628,691
629,57
630,71
631,742
632,653
633,225
634,227
635,76
636,286
637,466
638,200
639,229
640
641
642,65
643,689
644
645,193
646,50
647,692
648,627
649,279
650,196
651,740
652,741
653,282
654,199
655,700
656
657,377
658,119
659,598
660,449
661,450
662,357
663,621
664,603
665,294
666,786
667,787
668,299
669,485
670,733
671,136
672
673,20
674,323
675,233
676,779
677,326
678,777
679,474
680,90
681,478
682,609
683,369
684,94
685,503
686,593
687,536
688
689
690,625
691,68
692,276
693,737
694,274
695,645
696,72
697,649
698,74
699,284
700,629
701,632
702,633
703,202
704
705,365
706,403
707,579
708,798
709,258
710,311
711,220
712,583
713,582
714,585
715,155
716,313
717,588
718,317
719,513
720
721,118
722,508
723,758
724,599
725,123
726,509
727,766
728,543
729,125
730,293
731,604
732,455
733,482
734,211
735,300
736
737,277
738,52
739,281
740,51
741,628
742,58
743,697
744,198
745,654
746,634
747,637
748,63
749,772
750,17
751,204
752
753,350
754,373
755,594
756,115
757,117
758,379
759,381
760,722
761,354
762,383
763,601
764,510
765,124
766,292
767,602
768
769,275
770,280
771,285
772,701
773,287
774,702
775,82
776,339
777,325
778,340
779,234
780,673
781,21
782,677
783,242
784
785,295
786,623
787,453
788,209
789,361
790,401
791,734
792,732
793,137
794,177
795,178
796,149
797,150
798,492
799,151
800