Makespan: 1705
Start: 0
End: 241
OPERATIONS SEQUENCE: 
1,2,3,4,5,6,7,8,9,10,11,12,13,14,15,16
17,18,19,20,21,22,23,24,25,26,27,28,29,30,31,32
33,34,35,36,37,38,39,40,41,42,43,44,45,46,47,48
49,50,51,52,53,54,55,56,57,58,59,60,61,62,63,64
65,66,67,68,69,70,71,72,73,74,75,76,77,78,79,80
81,82,83,84,85,86,87,88,89,90,91,92,93,94,95,96
97,98,99,100,101,102,103,104,105,106,107,108,109,110,111,112
113,114,115,116,117,118,119,120,121,122,123,124,125,126,127,128
129,130,131,132,133,134,135,136,137,138,139,140,141,142,143,144
145,146,147,148,149,150,151,152,153,154,155,156,157,158,159,160
161,162,163,164,165,166,167,168,169,170,171,172,173,174,175,176
177,178,179,180,181,182,183,184,185,186,187,188,189,190,191,192
193,194,195,196,197,198,199,200,201,202,203,204,205,206,207,208
209,210,211,212,213,214,215,216,217,218,219,220,221,222,223,224
225,226,227,228,229,230,231,232,233,234,235,236,237,238,239,240
MACHINE PREDECESSOR INFO: OPERATION, MACHINE PREDECESSOR 
1,131
2,73
3,191
4,43
5,197
6,148
7,26
8,85
9,149
10,87
11,215
12,118
13,213
14,92
15,155
16
17,69
18,184
19,235
20,72
21,187
22,168
23,190
24,238
25,145
26,195
27,78
28,5
29,137
30,62
31,175
32
33
34,100
35,51
36,180
37,102
38,233
39,55
40,18
41,234
42,237
43,57
44,108
45,3
46,82
47,210
48
49
50,177
51
52,228
53,68
54,164
55,231
56,17
57,19
58,132
59,77
60,209
61,83
62,172
63,28
64
65
66,226
67
68,225
69,229
70,35
71,50
72,232
73,166
74,40
75,188
76,21
77,23
78,109
79,46
80
81,193
82,171
83,2
84,110
85,113
86,211
87,47
88,116
89,31
90,203
91,153
92,200
93,141
94,214
95,122
96
97
98
99,65
100,66
101,178
102,181
103,230
104,130
105,56
106,74
107,42
108,170
109,133
110,76
111,24
112
113,173
114,136
115,27
116,4
117,29
118,201
119,10
120,90
121,89
122,139
123,202
124,152
125,93
126,94
127,220
128
129,182
130,38
131,167
132,169
133,41
134,75
135,107
136,239
137,61
138,86
139,9
140,88
141,11
142,12
143,221
144
145,1
146,59
147,111
148,196
149,60
150,115
151,212
152,63
153,7
154,140
155,120
156,205
157,119
158,123
159,13
160
161
162,99
163
164,179
165,49
166,36
167,37
168,185
169,20
170,129
171,189
172,134
173,146
174,147
175,6
176
177
178
179
180,227
181,52
182,53
183,162
184,165
185,34
186,70
187,39
188,103
189,236
190,104
191,105
192
193,106
194,22
195,44
196,135
197,79
198,25
199,174
200,150
201,151
202,138
203,216
204,8
205,217
206,218
207,157
208
209,194
210,58
211,45
212,84
213,114
214,198
215,199
216,30
217,117
218,154
219,204
220,91
221,124
222,121
223,14
224
225
226
227,97
228,67
229,161
230,33
231,163
232,101
233
234,54
235,183
236,98
237,71
238,186
239,81
240