Makespan: 1731
Start: 0
End: 241
OPERATIONS SEQUENCE: 
1,2,3,4,5,6,7,8,9,10,11,12,13,14,15,16
17,18,19,20,21,22,23,24,25,26,27,28,29,30,31,32
33,34,35,36,37,38,39,40,41,42,43,44,45,46,47,48
49,50,51,52,53,54,55,56,57,58,59,60,61,62,63,64
65,66,67,68,69,70,71,72,73,74,75,76,77,78,79,80
81,82,83,84,85,86,87,88,89,90,91,92,93,94,95,96
97,98,99,100,101,102,103,104,105,106,107,108,109,110,111,112
113,114,115,116,117,118,119,120,121,122,123,124,125,126,127,128
129,130,131,132,133,134,135,136,137,138,139,140,141,142,143,144
145,146,147,148,149,150,151,152,153,154,155,156,157,158,159,160
161,162,163,164,165,166,167,168,169,170,171,172,173,174,175,176
177,178,179,180,181,182,183,184,185,186,187,188,189,190,191,192
193,194,195,196,197,198,199,200,201,202,203,204,205,206,207,208
209,210,211,212,213,214,215,216,217,218,219,220,221,222,223,224
225,226,227,228,229,230,231,232,233,234,235,236,237,238,239,240
MACHINE PREDECESSOR INFO: OPERATION, MACHINE PREDECESSOR 
1,214
2,114
3,43
4,165
5,110
6,117
7,84
8,142
9,28
10,86
11,150
12,143
13,87
14,89
15,90
16
17,225
18,194
19,34
20
21,101
22,211
23,58
24,233
25,237
26,137
27,217
28,69
29,7
30,151
31,186
32
33
34,49
35,17
36,100
37,53
38,21
39,232
40,60
41,135
42,61
43,24
44,204
45,81
46,219
47,179
48
49
50
51
52,97
53
54,98
55,209
56,99
57,35
58,212
59,102
60,104
61,199
62,231
63,202
64
65,108
66,25
67,178
68,44
69,222
70,207
71,206
72,119
73,183
74,185
75,30
76,171
77,172
78,157
79,158
80
81,139
82,3
83,221
84,140
85,148
86,184
87,169
88,31
89,121
90,153
91,190
92,189
93,125
94,174
95,173
96
97
98
99,193
100,196
101,210
102,18
103,55
104,197
105,200
106,236
107,63
108,113
109,164
110,218
111,220
112
113,161
114,203
115,238
116,107
117,146
118,141
119,5
120,47
121,149
122,181
123,187
124,188
125,152
126,76
127,91
128
129,52
130,226
131,20
132,56
133,103
134,38
135,22
136,57
137,201
138,162
139,215
140,239
141,27
142,68
143,83
144
145,65
146,45
147,82
148,167
149,180
150,71
151,120
152,70
153,74
154,9
155,123
156,88
157,13
158,124
159,126
160
161,234
162,40
163,42
164,115
165,177
166,66
167,111
168,223
169,182
170,29
171,10
172,122
173,75
174,155
175,73
176
177,134
178,2
179,205
180,166
181,147
182,118
183,6
184,46
185,168
186,72
187,8
188,170
189,11
190,154
191,12
192
193
194
195,33
196
197,228
198,19
199,130
200,37
201,229
202,39
203,136
204,106
205,1
206,109
207,4
208
209,195
210,227
211,50
212
213,132
214,230
215,235
216,105
217,62
218,163
219,26
220,67
221,145
222,138
223,116
224
225
226
227,51
228
229,54
230,129
231,36
232,131
233,213
234,198
235,59
236,23
237,133
238,41
239,216
240