Makespan: 1218
Start: 0
End: 91
OPERATIONS SEQUENCE: 
1,2,3,4,5,6
7,8,9,10,11,12
13,14,15,16,17,18
19,20,21,22,23,24
25,26,27,28,29,30
31,32,33,34,35,36
37,38,39,40,41,42
43,44,45,46,47,48
49,50,51,52,53,54
55,56,57,58,59,60
61,62,63,64,65,66
67,68,69,70,71,72
73,74,75,76,77,78
79,80,81,82,83,84
85,86,87,88,89,90
MACHINE PREDECESSOR INFO: OPERATION, MACHINE PREDECESSOR 
1
2,25
3,31
4,26
5,32
6
7,75
8,77
9,51
10,85
11,86
12
13,4
14,27
15,55
16,56
17,19
18
19,57
20,59
21,15
22,61
23,62
24
25
26
27,1
28,3
29,5
30
31
32
33,2
34,13
35,14
36
37,79
38,81
39,49
40,74
41,50
42
43,40
44,41
45,52
46,9
47,68
48
49,82
50,83
51,76
52,7
53,67
54
55,33
56,29
57,28
58,34
59,35
60
61,58
62,16
63,17
64,80
65,37
66
67,43
68,8
69,45
70,46
71,10
72
73,63
74,64
75,65
76,38
77,39
78
79,20
80,21
81,23
82,22
83,73
84
85,44
86,53
87,47
88,70
89,69
90