Makespan: 1406
Start: 0
End: 166
OPERATIONS SEQUENCE: 
1,2,3,4,5,6,7,8,9,10,11
12,13,14,15,16,17,18,19,20,21,22
23,24,25,26,27,28,29,30,31,32,33
34,35,36,37,38,39,40,41,42,43,44
45,46,47,48,49,50,51,52,53,54,55
56,57,58,59,60,61,62,63,64,65,66
67,68,69,70,71,72,73,74,75,76,77
78,79,80,81,82,83,84,85,86,87,88
89,90,91,92,93,94,95,96,97,98,99
100,101,102,103,104,105,106,107,108,109,110
111,112,113,114,115,116,117,118,119,120,121
122,123,124,125,126,127,128,129,130,131,132
133,134,135,136,137,138,139,140,141,142,143
144,145,146,147,148,149,150,151,152,153,154
155,156,157,158,159,160,161,162,163,164,165
MACHINE PREDECESSOR INFO: OPERATION, MACHINE PREDECESSOR 
1,56
2,91
3,47
4,106
5,59
6,52
7,53
8,136
9,28
10,63
11
12,105
13,108
14,133
15,62
16,144
17,80
18,81
19,148
20,149
21,73
22
23
24
25,104
26,92
27,49
28,135
29,61
30,97
31,138
32,145
33
34,14
35,8
36,139
37,142
38,155
39,156
40,17
41,124
42,116
43,74
44
45
46,89
47,90
48,1
49,2
50,58
51,109
52,60
53,94
54,5
55
56,101
57,46
58,100
59,25
60,12
61,13
62,137
63,134
64,7
65,35
66
67,96
68,34
69,140
70,146
71,38
72,40
73,41
74,161
75,20
76,85
77
78,29
79,98
80,141
81,36
82,32
83,114
84,115
85,19
86,21
87,43
88
89
90
91,102
92,103
93,24
94,107
95,48
96,54
97,6
98,9
99
100
101
102
103,45
104
105
106,57
107,23
108,3
109,93
110
111,157
112,16
113,39
114,71
115,123
116,159
117,18
118,160
119,162
120,76
121
122,158
123,70
124,147
125,112
126,83
127,117
128,42
129,118
130,75
131,119
132
133,4
134,26
135,50
136,51
137,27
138,95
139,67
140,78
141,64
142,30
143
144,10
145,68
146,37
147,111
148,122
149,113
150,72
151,126
152,128
153,164
154
155,15
156,79
157,31
158,65
159,69
160,82
161,125
162,150
163,84
164,127
165