Makespan: 1939
Start: 0
End: 221
OPERATIONS SEQUENCE: 
1,2,3,4,5,6,7,8,9,10,11
12,13,14,15,16,17,18,19,20,21,22
23,24,25,26,27,28,29,30,31,32,33
34,35,36,37,38,39,40,41,42,43,44
45,46,47,48,49,50,51,52,53,54,55
56,57,58,59,60,61,62,63,64,65,66
67,68,69,70,71,72,73,74,75,76,77
78,79,80,81,82,83,84,85,86,87,88
89,90,91,92,93,94,95,96,97,98,99
100,101,102,103,104,105,106,107,108,109,110
111,112,113,114,115,116,117,118,119,120,121
122,123,124,125,126,127,128,129,130,131,132
133,134,135,136,137,138,139,140,141,142,143
144,145,146,147,148,149,150,151,152,153,154
155,156,157,158,159,160,161,162,163,164,165
166,167,168,169,170,171,172,173,174,175,176
177,178,179,180,181,182,183,184,185,186,187
188,189,190,191,192,193,194,195,196,197,198
199,200,201,202,203,204,205,206,207,208,209
210,211,212,213,214,215,216,217,218,219,220
MACHINE PREDECESSOR INFO: OPERATION, MACHINE PREDECESSOR 
1,202
2,141
3,216
4,140
5,142
6,27
7,204
8,28
9,35
10,178
11
12,29
13,34
14,206
15,156
16,43
17,123
18,91
19,92
20,94
21,97
22
23,173
24,189
25,119
26,203
27,217
28,192
29,218
30,7
31,219
32,38
33
34,6
35,67
36,24
37,12
38,205
39,177
40,195
41,207
42,89
43,196
44
45
46
47
48
49,145
50,169
51,84
52,153
53,115
54,61
55
56
57
58,133
59,147
60,152
61,85
62,114
63,211
64,188
65,201
66
67,26
68,1
69,193
70,30
71,10
72,208
73,41
74,181
75,126
76,184
77
78
79
80,45
81,48
82
83,167
84,149
85,135
86,112
87,52
88
89,14
90,179
91,159
92,122
93,17
94,124
95,162
96,105
97,163
98,107
99
100,72
101,158
102,90
103,73
104,160
105,182
106,18
107,128
108,185
109,76
110
111,83
112,59
113,151
114,210
115,170
116,171
117,172
118,87
119,63
120,175
121
122,100
123,155
124,101
125,103
126,161
127,95
128,74
129,104
130,106
131,96
132
133,78
134,80
135,144
136,111
137,113
138,86
139,118
140,200
141,23
142,25
143
144
145,79
146,47
147,46
148,82
149,57
150,58
151,168
152,134
153,166
154
155,32
156,9
157,37
158,71
159,180
160,42
161,102
162,16
163,183
164,19
165
166,56
167,146
168,81
169,148
170,150
171,51
172,60
173,62
174,138
175,213
176
177,8
178,36
179,13
180,40
181,197
182,15
183,125
184,93
185,127
186,129
187
188,212
189,214
190,139
191,65
192,120
193,2
194,5
195,31
196,70
197,157
198
199,53
200,116
201,137
202,174
203,64
204,215
205,3
206,69
207,194
208,39
209
210,49
211,50
212,136
213,54
214,199
215,117
216,190
217,191
218,4
219,68
220