Makespan: 1077
Start: 0
End: 111
OPERATIONS SEQUENCE: 
1,2,3,4,5,6,7,8,9,10,11
12,13,14,15,16,17,18,19,20,21,22
23,24,25,26,27,28,29,30,31,32,33
34,35,36,37,38,39,40,41,42,43,44
45,46,47,48,49,50,51,52,53,54,55
56,57,58,59,60,61,62,63,64,65,66
67,68,69,70,71,72,73,74,75,76,77
78,79,80,81,82,83,84,85,86,87,88
89,90,91,92,93,94,95,96,97,98,99
100,101,102,103,104,105,106,107,108,109,110
MACHINE PREDECESSOR INFO: OPERATION, MACHINE PREDECESSOR 
1
2,26
3,100
4,68
5,27
6,101
7,56
8,29
9,59
10,60
11
12
13
14,28
15,8
16,90
17,63
18,87
19,39
20,106
21,104
22
23
24
25
26
27
28,80
29,78
30,4
31,71
32,102
33
34,31
35,89
36,74
37,45
38,84
39,86
40,105
41,50
42,20
43,52
44
45,103
46,9
47,61
48,85
49,62
50,16
51,18
52,108
53,21
54,96
55
56,81
57,3
58,82
59,32
60,34
61,75
62,91
63,38
64,94
65,93
66
67,24
68,79
69,2
70
71,13
72,5
73,6
74,57
75,14
76,15
77
78
79,12
80,1
81,67
82,69
83,72
84,73
85,10
86,46
87,92
88
89,7
90,58
91,83
92,36
93,37
94,76
95,48
96,17
97,40
98,19
99
100,23
101,25
102,70
103,30
104,35
105,47
106,49
107,95
108,64
109,41
110