Makespan: 1764
Start: 0
End: 221
OPERATIONS SEQUENCE: 
1,2,3,4,5,6,7,8,9,10,11
12,13,14,15,16,17,18,19,20,21,22
23,24,25,26,27,28,29,30,31,32,33
34,35,36,37,38,39,40,41,42,43,44
45,46,47,48,49,50,51,52,53,54,55
56,57,58,59,60,61,62,63,64,65,66
67,68,69,70,71,72,73,74,75,76,77
78,79,80,81,82,83,84,85,86,87,88
89,90,91,92,93,94,95,96,97,98,99
100,101,102,103,104,105,106,107,108,109,110
111,112,113,114,115,116,117,118,119,120,121
122,123,124,125,126,127,128,129,130,131,132
133,134,135,136,137,138,139,140,141,142,143
144,145,146,147,148,149,150,151,152,153,154
155,156,157,158,159,160,161,162,163,164,165
166,167,168,169,170,171,172,173,174,175,176
177,178,179,180,181,182,183,184,185,186,187
188,189,190,191,192,193,194,195,196,197,198
199,200,201,202,203,204,205,206,207,208,209
210,211,212,213,214,215,216,217,218,219,220
MACHINE PREDECESSOR INFO: OPERATION, MACHINE PREDECESSOR 
1,40
2,13
3,119
4,41
5,42
6,104
7,82
8,32
9,86
10,185
11
12,140
13,137
14,145
15,68
16,147
17,25
18,148
19,179
20,151
21,152
22
23,120
24,3
25,177
26,4
27,149
28,71
29,5
30,81
31,83
32,106
33
34,111
35,168
36,170
37,160
38,141
39,142
40,102
41,164
42,15
43,24
44
45
46,56
47,199
48,57
49,212
50,60
51,126
52,201
53,202
54,204
55
56
57
58,45
59,47
60,200
61,125
62,49
63,90
64,130
65,54
66
67,38
68,174
69,1
70,175
71,16
72,26
73,6
74,105
75,20
76,9
77
78,2
79,70
80,43
81,103
82,180
83,18
84,72
85,73
86,107
87,108
88
89,190
90,51
91,50
92,129
93,65
94,167
95,113
96,36
97,138
98,115
99
100,96
101,159
102,117
103,67
104,178
105,27
106,19
107,150
108,182
109,153
110
111,166
112,197
113,218
114,156
115,169
116,161
117,172
118,37
119,101
120,14
121
122
123,210
124
125,188
126,189
127,59
128,89
129,214
130,52
131,203
132
133,217
134,112
135,206
136,94
137,157
138,35
139,114
140,98
141,116
142,173
143
144,139
145,97
146,118
147,163
148,69
149,78
150,17
151,181
152,30
153,183
154
155,216
156,195
157,207
158,135
159,136
160,208
161,171
162,95
163,100
164,12
165
166,63
167,131
168,155
169,205
170,134
171,219
172,158
173,162
174,144
175,146
176
177,39
178,23
179,79
180,28
181,80
182,29
183,84
184,31
185,21
186,74
187
188
189,211
190,48
191,46
192,124
193,213
194,62
195,91
196,64
197,215
198
199
200,123
201
202,61
203,193
204,192
205,194
206,92
207,34
208,133
209
210
211
212,122
213,58
214,191
215,127
216,53
217,128
218,196
219,93
220