Makespan: 1118
Start: 0
End: 111
OPERATIONS SEQUENCE: 
1,2,3,4,5,6,7,8,9,10,11
12,13,14,15,16,17,18,19,20,21,22
23,24,25,26,27,28,29,30,31,32,33
34,35,36,37,38,39,40,41,42,43,44
45,46,47,48,49,50,51,52,53,54,55
56,57,58,59,60,61,62,63,64,65,66
67,68,69,70,71,72,73,74,75,76,77
78,79,80,81,82,83,84,85,86,87,88
89,90,91,92,93,94,95,96,97,98,99
100,101,102,103,104,105,106,107,108,109,110
MACHINE PREDECESSOR INFO: OPERATION, MACHINE PREDECESSOR 
1,104
2,69
3,107
4,13
5,84
6,26
7,37
8,39
9,74
10,36
11
12,79
13,56
14,83
15,34
16,60
17,8
18,61
19,62
20,40
21,28
22
23,101
24,103
25,91
26,58
27,109
28,35
29,15
30,18
31,10
32,42
33
34,3
35,71
36,72
37,85
38,86
39,87
40,6
41,16
42,63
43,30
44
45,100
46
47,67
48,93
49,92
50,80
51,96
52,106
53,70
54,108
55
56,49
57,1
58,50
59,53
60,27
61,73
62,75
63,9
64,29
65,31
66
67
68,102
69,48
70,94
71,98
72,54
73,5
74,14
75,7
76,38
77
78
79
80,68
81,95
82,57
83,51
84,52
85,25
86,4
87,59
88
89
90
91,45
92,23
93,78
94,24
95,47
96,105
97,12
98,82
99
100
101
102,89
103
104,46
105
106,90
107,81
108,97
109,2
110