Makespan: 968
Start: 0
End: 111
OPERATIONS SEQUENCE: 
1,2,3,4,5,6,7,8,9,10,11
12,13,14,15,16,17,18,19,20,21,22
23,24,25,26,27,28,29,30,31,32,33
34,35,36,37,38,39,40,41,42,43,44
45,46,47,48,49,50,51,52,53,54,55
56,57,58,59,60,61,62,63,64,65,66
67,68,69,70,71,72,73,74,75,76,77
78,79,80,81,82,83,84,85,86,87,88
89,90,91,92,93,94,95,96,97,98,99
100,101,102,103,104,105,106,107,108,109,110
MACHINE PREDECESSOR INFO: OPERATION, MACHINE PREDECESSOR 
1,61
2,53
3,19
4,39
5,90
6,62
7,102
8,94
9,97
10,30
11
12
13
14,67
15,68
16,57
17,84
18,73
19,76
20,1
21,101
22
23
24
25,56
26,14
27,35
28,18
29,2
30,93
31,43
32,98
33
34,59
35,48
36,17
37,60
38,51
39,89
40,20
41,64
42,63
43,104
44
45
46,81
47,24
48,69
49,83
50,16
51,86
52,36
53,37
54,100
55
56
57,80
58,13
59,46
60,15
61,87
62,27
63,54
64,28
65,3
66
67,78
68,79
69,82
70,25
71,47
72,58
73,49
74,34
75,50
76,85
77
78
79
80,23
81
82,12
83
84,70
85,45
86,72
87,71
88
89,75
90,52
91,40
92,65
93,21
94,41
95,29
96,6
97,42
98,7
99
100,26
101,74
102,38
103,5
104,92
105,95
106,96
107,4
108,8
109,91
110