Makespan: 1102
Start: 0
End: 111
OPERATIONS SEQUENCE: 
1,2,3,4,5,6,7,8,9,10,11
12,13,14,15,16,17,18,19,20,21,22
23,24,25,26,27,28,29,30,31,32,33
34,35,36,37,38,39,40,41,42,43,44
45,46,47,48,49,50,51,52,53,54,55
56,57,58,59,60,61,62,63,64,65,66
67,68,69,70,71,72,73,74,75,76,77
78,79,80,81,82,83,84,85,86,87,88
89,90,91,92,93,94,95,96,97,98,99
100,101,102,103,104,105,106,107,108,109,110
MACHINE PREDECESSOR INFO: OPERATION, MACHINE PREDECESSOR 
1,90
2,26
3,70
4,93
5,78
6,73
7,80
8,64
9,63
10,41
11
12
13
14
15
16
17,72
18,30
19,79
20,81
21,102
22
23
24,67
25,12
26,91
27,68
28,16
29,95
30,59
31,6
32,19
33
34,46
35,18
36,31
37,32
38,50
39,51
40,82
41,83
42,53
43,104
44
45,92
46,97
47,17
48,76
49,35
50,7
51,101
52,103
53,8
54,37
55
56,13
57,89
58,15
59,71
60,4
61,45
62,47
63,34
64,20
65,48
66
67
68,14
69,25
70,57
71,1
72,2
73,94
74,29
75,100
76,98
77
78,28
79,3
80,74
81,75
82,62
83,21
84,39
85,52
86,105
87,9
88
89
90
91
92,24
93,69
94,56
95,58
96,23
97,27
98,5
99
100,96
101,60
102,61
103,36
104,65
105,49
106,38
107,54
108,40
109,87
110