Makespan: 2717
Start: 0
End: 331
OPERATIONS SEQUENCE: 
1,2,3,4,5,6,7,8,9,10,11
12,13,14,15,16,17,18,19,20,21,22
23,24,25,26,27,28,29,30,31,32,33
34,35,36,37,38,39,40,41,42,43,44
45,46,47,48,49,50,51,52,53,54,55
56,57,58,59,60,61,62,63,64,65,66
67,68,69,70,71,72,73,74,75,76,77
78,79,80,81,82,83,84,85,86,87,88
89,90,91,92,93,94,95,96,97,98,99
100,101,102,103,104,105,106,107,108,109,110
111,112,113,114,115,116,117,118,119,120,121
122,123,124,125,126,127,128,129,130,131,132
133,134,135,136,137,138,139,140,141,142,143
144,145,146,147,148,149,150,151,152,153,154
155,156,157,158,159,160,161,162,163,164,165
166,167,168,169,170,171,172,173,174,175,176
177,178,179,180,181,182,183,184,185,186,187
188,189,190,191,192,193,194,195,196,197,198
199,200,201,202,203,204,205,206,207,208,209
210,211,212,213,214,215,216,217,218,219,220
221,222,223,224,225,226,227,228,229,230,231
232,233,234,235,236,237,238,239,240,241,242
243,244,245,246,247,248,249,250,251,252,253
254,255,256,257,258,259,260,261,262,263,264
265,266,267,268,269,270,271,272,273,274,275
276,277,278,279,280,281,282,283,284,285,286
287,288,289,290,291,292,293,294,295,296,297
298,299,300,301,302,303,304,305,306,307,308
309,310,311,312,313,314,315,316,317,318,319
320,321,322,323,324,325,326,327,328,329,330
MACHINE PREDECESSOR INFO: OPERATION, MACHINE PREDECESSOR 
1,47
2,213
3,183
4,263
5,271
6,82
7,167
8,218
9,169
10,299
11
12,102
13,34
14,109
15,195
16,39
17,229
18,113
19,116
20,118
21,289
22
23,172
24,312
25,313
26,250
27,315
28,149
29,174
30,282
31,306
32,150
33
34,90
35,106
36,193
37,70
38,322
39,97
40,228
41,155
42,133
43,115
44
45,260
46,268
47,293
48,212
49,214
50,185
51,6
52,298
53,243
54,246
55
56,76
57,41
58,124
59,43
60,126
61,255
62,161
63,265
64,141
65,266
66
67
68
69
70,105
71,200
72,194
73,95
74,38
75,326
76,16
77
78,45
79,1
80,236
81,48
82,184
83,49
84,217
85,144
86,52
87,171
88
89
90,100
91,67
92,68
93,189
94,190
95,221
96,223
97,320
98,225
99
100
101
102
103
104
105,188
106,92
107,69
108,91
109,94
110
111,202
112,15
113,204
114,75
115,156
116,122
117,57
118,134
119,135
120,56
121
122,207
123,329
124,328
125,42
126,119
127,256
128,139
129,140
130,292
131,180
132
133,114
134,157
135,158
136,159
137,254
138,58
139,120
140,59
141,290
142,62
143
144,219
145,274
146,170
147,278
148,23
149,10
150,280
151,305
152,30
153,26
154
155,325
156,327
157,40
158,208
159,18
160,123
161,288
162,138
163,61
164,177
165
166,239
167,81
168,240
169,276
170,277
171,53
172,247
173,300
174,251
175,252
176
177,258
178,162
179,291
180,267
181,232
182,261
183,210
184,269
185,80
186,4
187
188,89
189,103
190
191,101
192,104
193,107
194,13
195,224
196,323
197,73
198
199,191
200,93
201,108
202,72
203,14
204,98
205,197
206,112
207,74
208,17
209
210,130
211,233
212,181
213,262
214,235
215,270
216,238
217,5
218,50
219,241
220
221,12
222,199
223,192
224,35
225,321
226,71
227,203
228,196
229,324
230,111
231
232,259
233,163
234,179
235,131
236,294
237,295
238,79
239,3
240,215
241,186
242
243,272
244,166
245,168
246,84
247,8
248,145
249,146
250,302
251,279
252,314
253
254,117
255,287
256,136
257,20
258,128
259,142
260,178
261,129
262,234
263,46
264
265,257
266,127
267,21
268,64
269,211
270,296
271,237
272,2
273,216
274,7
275
276,83
277,273
278,51
279,301
280,311
281,148
282,173
283,28
284,25
285,151
286
287,125
288,19
289,137
290,160
291,60
292,63
293,164
294,65
295,182
296,78
297
298,244
299,245
300,54
301,309
302,310
303,248
304,249
305,24
306,175
307,316
308
309,85
310,9
311,86
312,87
313,303
314,147
315,304
316,281
317,283
318,152
319
320,222
321,36
322,96
323,201
324,37
325,226
326,227
327,205
328,206
329,230
330