Makespan: 2714
Start: 0
End: 331
OPERATIONS SEQUENCE: 
1,2,3,4,5,6,7,8,9,10,11
12,13,14,15,16,17,18,19,20,21,22
23,24,25,26,27,28,29,30,31,32,33
34,35,36,37,38,39,40,41,42,43,44
45,46,47,48,49,50,51,52,53,54,55
56,57,58,59,60,61,62,63,64,65,66
67,68,69,70,71,72,73,74,75,76,77
78,79,80,81,82,83,84,85,86,87,88
89,90,91,92,93,94,95,96,97,98,99
100,101,102,103,104,105,106,107,108,109,110
111,112,113,114,115,116,117,118,119,120,121
122,123,124,125,126,127,128,129,130,131,132
133,134,135,136,137,138,139,140,141,142,143
144,145,146,147,148,149,150,151,152,153,154
155,156,157,158,159,160,161,162,163,164,165
166,167,168,169,170,171,172,173,174,175,176
177,178,179,180,181,182,183,184,185,186,187
188,189,190,191,192,193,194,195,196,197,198
199,200,201,202,203,204,205,206,207,208,209
210,211,212,213,214,215,216,217,218,219,220
221,222,223,224,225,226,227,228,229,230,231
232,233,234,235,236,237,238,239,240,241,242
243,244,245,246,247,248,249,250,251,252,253
254,255,256,257,258,259,260,261,262,263,264
265,266,267,268,269,270,271,272,273,274,275
276,277,278,279,280,281,282,283,284,285,286
287,288,289,290,291,292,293,294,295,296,297
298,299,300,301,302,303,304,305,306,307,308
309,310,311,312,313,314,315,316,317,318,319
320,321,322,323,324,325,326,327,328,329,330
MACHINE PREDECESSOR INFO: OPERATION, MACHINE PREDECESSOR 
1
2
3
4
5
6
7,167
8,281
9,244
10,246
11
12,158
13,263
14,63
15,203
16,306
17,224
18,149
19,206
20,40
21,152
22
23,178
24,118
25,52
26,100
27,174
28,175
29,185
30,93
31,104
32,298
33
34,302
35,304
36,145
37,15
38,205
39,16
40,210
41,211
42,212
43,291
44
45,166
46,114
47,168
48,69
49,8
50,23
51,284
52,285
53,247
54,255
55
56,250
57,155
58,102
59,30
60,105
61,157
62,12
63,324
64,201
65,327
66
67,276
68,112
69,245
70,177
71,47
72,7
73,49
74,10
75,50
76,181
77
78,127
79,189
80,266
81,236
82,237
83,194
84,195
85,315
86,272
87,197
88
89,75
90,25
91,24
92,254
93,101
94,28
95,29
96,321
97,156
98,32
99
100,172
101,182
102,184
103,56
104,251
105,95
106,96
107,322
108,300
109,61
110
111
112,2
113
114,278
115,5
116,169
117,280
118,179
119,180
120,283
121
122,133
123,204
124,38
125,150
126,21
127,42
128,229
129,295
130,265
131,294
132
133,65
134,146
135,221
136,37
137,223
138,207
139,227
140,151
141,288
142,213
143
144,160
145,162
146,328
147,14
148,307
149,135
150,225
151,226
152,289
153,290
154
155,89
156,54
157,320
158,106
159,98
160,31
161,262
162,199
163,325
164,34
165
166,3
167,111
168,243
169,279
170,68
171,70
172,119
173,74
174,120
175,183
176
177,115
178,116
179,71
180,9
181,117
182,173
183,248
184,249
185,53
186,27
187
188,293
189,214
190,128
191,215
192,233
193,235
194,267
195,313
196,309
197,271
198
199,323
200,107
201,163
202,109
203,326
204,35
205,134
206,122
207,222
208,287
209
210,137
211,18
212,139
213,153
214,292
215,126
216,188
217,296
218,130
219,192
220
221,64
222,329
223,148
224,36
225,136
226,123
227,208
228,124
229,142
230,43
231
232,141
233,230
234,129
235,217
236,310
237,216
238,312
239,80
240,269
241,273
242
243,277
244,67
245,6
246,46
247,282
248,73
249,51
250,90
251,92
252,57
253
254,76
255,26
256,91
257,103
258,186
259,252
260,94
261,59
262,60
263,159
264
265,232
266,190
267,234
268,219
269,311
270,81
271,238
272,314
273,196
274,316
275
276
277,1
278
279,4
280,45
281,113
282,170
283,48
284,72
285,171
286
287,147
288,17
289,138
290,39
291,19
292,125
293,140
294,20
295,41
296,228
297
298,58
299,257
300,260
301,97
302,261
303,161
304,62
305,144
306,200
307,202
308
309,78
310,191
311,79
312,131
313,218
314,193
315,268
316,82
317,83
318,239
319
320,256
321,258
322,259
323,299
324,301
325,108
326,303
327,305
328,13
329,164
330