Makespan: 1353
Start: 0
End: 121
OPERATIONS SEQUENCE: 
1,2,3,4,5,6
7,8,9,10,11,12
13,14,15,16,17,18
19,20,21,22,23,24
25,26,27,28,29,30
31,32,33,34,35,36
37,38,39,40,41,42
43,44,45,46,47,48
49,50,51,52,53,54
55,56,57,58,59,60
61,62,63,64,65,66
67,68,69,70,71,72
73,74,75,76,77,78
79,80,81,82,83,84
85,86,87,88,89,90
91,92,93,94,95,96
97,98,99,100,101,102
103,104,105,106,107,108
109,110,111,112,113,114
115,116,117,118,119,120
MACHINE PREDECESSOR INFO: OPERATION, MACHINE PREDECESSOR 
1,65
2,28
3,116
4,92
5,100
6
7,75
8,76
9,85
10,38
11,77
12
13,69
14,33
15,73
16,70
17,71
18
19
20,43
21,44
22,45
23,55
24
25,57
26,59
27,62
28,111
29,64
30
31,118
32,4
33,68
34,93
35,13
36
37,15
38,17
39,86
40,87
41,89
42
43
44,80
45,50
46,81
47,83
48
49
50,79
51,19
52,21
53,82
54
55,46
56,52
57,53
58,109
59,47
60
61,23
62,58
63,25
64,110
65,112
66
67,31
68,5
69,94
70,32
71,74
72
73,95
74,34
75,14
76,35
77,16
78
79
80
81,49
82,20
83,51
84
85,37
86,7
87,8
88,10
89,11
90
91,117
92,115
93,119
94,101
95,67
96
97,27
98,1
99,2
100,91
101,3
102
103,9
104,39
105,88
106,40
107,41
108
109,22
110,56
111,61
112,26
113,63
114
115,97
116,29
117,113
118,98
119,99
120