Makespan: 1508
Start: 0
End: 121
OPERATIONS SEQUENCE: 
1,2,3,4,5,6
7,8,9,10,11,12
13,14,15,16,17,18
19,20,21,22,23,24
25,26,27,28,29,30
31,32,33,34,35,36
37,38,39,40,41,42
43,44,45,46,47,48
49,50,51,52,53,54
55,56,57,58,59,60
61,62,63,64,65,66
67,68,69,70,71,72
73,74,75,76,77,78
79,80,81,82,83,84
85,86,87,88,89,90
91,92,93,94,95,96
97,98,99,100,101,102
103,104,105,106,107,108
109,110,111,112,113,114
115,116,117,118,119,120
MACHINE PREDECESSOR INFO: OPERATION, MACHINE PREDECESSOR 
1,109
2,41
3,31
4,35
5,19
6
7,22
8,77
9,79
10,62
11,80
12
13
14,97
15,98
16,101
17,29
18
19,73
20,105
21,75
22,106
23,76
24
25
26,99
27,14
28,15
29,100
30
31,110
32,52
33,111
34,112
35,113
36
37,26
38,27
39,16
40,17
41,49
42
43,65
44,83
45,116
46,117
47,55
48
49,28
50,38
51,39
52,1
53,40
54
55,94
56,118
57,46
58,119
59,88
60
61,20
62,67
63,70
64,9
65,91
66
67,21
68,107
69,23
70,7
71,8
72
73,33
74,3
75,104
76,4
77,61
78
79,68
80,69
81,71
82,63
83,92
84
85,93
86,43
87,44
88,95
89,47
90
91,11
92,10
93,64
94,115
95,45
96
97
98
99,13
100
101,25
102
103,53
104,32
105,34
106,74
107,5
108
109,37
110,50
111,51
112,2
113,103
114
115,81
116,82
117,85
118,86
119,87
120