Makespan: 859
Start: 0
End: 61
OPERATIONS SEQUENCE: 
1,2,3,4,5,6
7,8,9,10,11,12
13,14,15,16,17,18
19,20,21,22,23,24
25,26,27,28,29,30
31,32,33,34,35,36
37,38,39,40,41,42
43,44,45,46,47,48
49,50,51,52,53,54
55,56,57,58,59,60
MACHINE PREDECESSOR INFO: OPERATION, MACHINE PREDECESSOR 
1,11
2,19
3,22
4,27
5,43
6
7,13
8,15
9,16
10,17
11,33
12
13
14
15,31
16,50
17,32
18
19,10
20,34
21,1
22,26
23,35
24
25,52
26,53
27,20
28,21
29,2
30
31
32,49
33,51
34,9
35,25
36
37,29
38,5
39,45
40,57
41,46
42
43,23
44,3
45,28
46,56
47,55
48
49
50
51,14
52,7
53,8
54
55,37
56,4
57,44
58,38
59,39
60