Makespan: 1402
Start: 0
End: 166
OPERATIONS SEQUENCE: 
1,2,3,4,5,6,7,8,9,10,11
12,13,14,15,16,17,18,19,20,21,22
23,24,25,26,27,28,29,30,31,32,33
34,35,36,37,38,39,40,41,42,43,44
45,46,47,48,49,50,51,52,53,54,55
56,57,58,59,60,61,62,63,64,65,66
67,68,69,70,71,72,73,74,75,76,77
78,79,80,81,82,83,84,85,86,87,88
89,90,91,92,93,94,95,96,97,98,99
100,101,102,103,104,105,106,107,108,109,110
111,112,113,114,115,116,117,118,119,120,121
122,123,124,125,126,127,128,129,130,131,132
133,134,135,136,137,138,139,140,141,142,143
144,145,146,147,148,149,150,151,152,153,154
155,156,157,158,159,160,161,162,163,164,165
MACHINE PREDECESSOR INFO: OPERATION, MACHINE PREDECESSOR 
1,79
2,100
3,27
4,105
5,164
6,40
7,82
8,75
9,85
10,14
11
12,130
13,56
14,135
15,86
16,49
17,113
18,114
19,53
20,95
21,62
22
23
24
25,156
26
27,101
28,124
29,37
30,126
31,128
32,73
33
34,23
35,1
36,26
37,160
38,127
39,3
40,30
41,81
42,133
43,7
44
45,109
46,43
47,13
48,8
49,9
50,87
51,112
52,15
53,60
54,17
55
56,6
57,90
58,131
59,92
60,91
61,16
62,149
63,97
64,150
65,20
66
67
68,155
69,158
70,34
71,2
72,36
73,162
74,39
75,107
76,41
77
78
79
80,25
81,161
82,106
83,108
84,42
85,134
86,57
87,136
88
89,83
90,74
91,84
92,48
93,111
94,51
95,115
96,148
97,116
98,151
99
100,157
101,159
102,123
103,69
104,70
105,29
106,28
107,38
108,5
109,32
110
111,45
112,10
113,144
114,146
115,145
116,147
117,140
118,19
119,98
120,96
121
122
123,24
124,68
125,35
126,103
127,80
128,71
129,163
130,4
131,89
132
133,31
134,129
135,76
136,12
137,46
138,47
139,93
140,52
141,18
142,54
143
144,58
145,137
146,59
147,50
148,138
149,139
150,94
151,61
152,117
153,118
154
155
156
157
158,78
159,122
160,67
161,102
162,125
163,104
164,72
165