Makespan: 1305
Start: 0
End: 91
OPERATIONS SEQUENCE: 
1,2,3,4,5,6
7,8,9,10,11,12
13,14,15,16,17,18
19,20,21,22,23,24
25,26,27,28,29,30
31,32,33,34,35,36
37,38,39,40,41,42
43,44,45,46,47,48
49,50,51,52,53,54
55,56,57,58,59,60
61,62,63,64,65,66
67,68,69,70,71,72
73,74,75,76,77,78
79,80,81,82,83,84
85,86,87,88,89,90
MACHINE PREDECESSOR INFO: OPERATION, MACHINE PREDECESSOR 
1,44
2,37
3,38
4,41
5,13
6
7,2
8,40
9,49
10,50
11,51
12
13,39
14,7
15,67
16,9
17,11
18
19,17
20,52
21,71
22,74
23,26
24
25,19
26,73
27,21
28,22
29,76
30
31
32,79
33,80
34,81
35,61
36
37,45
38,63
39,46
40,65
41,47
42
43,34
44,58
45,62
46,83
47,64
48
49,3
50,5
51,68
52,15
53,69
54
55
56
57,32
58,33
59,82
60
61,56
62,57
63,43
64,59
65,1
66
67,8
68,4
69,14
70,10
71,16
72
73,70
74,53
75,85
76,86
77,87
78
79
80
81,55
82,31
83,35
84
85,25
86,20
87,27
88,23
89,28
90