Makespan: 1712
Start: 0
End: 241
OPERATIONS SEQUENCE: 
1,2,3,4,5,6,7,8,9,10,11,12,13,14,15,16
17,18,19,20,21,22,23,24,25,26,27,28,29,30,31,32
33,34,35,36,37,38,39,40,41,42,43,44,45,46,47,48
49,50,51,52,53,54,55,56,57,58,59,60,61,62,63,64
65,66,67,68,69,70,71,72,73,74,75,76,77,78,79,80
81,82,83,84,85,86,87,88,89,90,91,92,93,94,95,96
97,98,99,100,101,102,103,104,105,106,107,108,109,110,111,112
113,114,115,116,117,118,119,120,121,122,123,124,125,126,127,128
129,130,131,132,133,134,135,136,137,138,139,140,141,142,143,144
145,146,147,148,149,150,151,152,153,154,155,156,157,158,159,160
161,162,163,164,165,166,167,168,169,170,171,172,173,174,175,176
177,178,179,180,181,182,183,184,185,186,187,188,189,190,191,192
193,194,195,196,197,198,199,200,201,202,203,204,205,206,207,208
209,210,211,212,213,214,215,216,217,218,219,220,221,222,223,224
225,226,227,228,229,230,231,232,233,234,235,236,237,238,239,240
MACHINE PREDECESSOR INFO: OPERATION, MACHINE PREDECESSOR 
1,89
2,149
3,212
4,150
5,118
6,133
7,135
8,154
9,219
10,79
11,175
12,205
13,123
14,223
15,143
16
17
18,35
19
20,103
21,104
22,55
23,69
24,60
25,194
26,62
27,196
28,129
29,2
30,117
31,76
32
33
34
35,49
36,65
37,50
38,66
39
40,19
41,51
42,226
43,58
44,25
45,63
46,1
47,3
48
49
50,99
51,98
52,179
53,100
54,177
55,67
56,82
57,40
58,83
59,84
60,72
61,165
62,167
63,145
64
65
66
67,180
68,52
69,53
70,102
71,162
72,106
73,57
74,107
75,43
76,232
77,131
78,29
79,93
80
81,18
82,38
83,20
84,70
85,164
86,23
87,185
88,41
89,168
90,209
91,187
92,191
93,214
94,120
95,204
96
97
98
99
100,178
101,34
102
103,161
104,68
105,36
106,39
107,182
108,42
109,193
110,166
111,73
112
113,195
114,188
115,148
116,230
117,189
118,190
119,198
120,4
121,199
122,218
123,137
124,174
125,11
126,9
127,156
128
129,231
130,116
131,27
132,46
133,119
134,151
135,216
136,200
137,152
138,220
139,155
140,94
141,124
142,157
143,239
144
145,109
146,110
147,88
148,229
149,90
150,210
151,213
152,170
153,77
154,171
155,173
156,202
157,206
158,222
159,10
160
161
162,17
163,37
164,21
165,181
166,56
167,228
168,22
169,86
170,233
171,215
172,31
173,121
174,201
175,134
176
177
178,33
179
180,97
181,101
182,225
183,105
184,59
185,227
186,24
187,111
188,147
189,146
190,75
191,45
192
193,71
194,184
195,61
196,87
197,74
198,169
199,234
200,47
201,78
202,217
203,7
204,8
205,138
206,221
207,140
208
209,108
210,26
211,44
212,115
213,197
214,28
215,130
216,235
217,236
218,92
219,153
220,172
221,237
222,238
223,139
224
225,81
226,54
227,163
228,183
229,85
230,186
231,113
232,114
233,211
234,91
235,30
236,132
237,5
238,6
239,122
240