Makespan: 1720
Start: 0
End: 241
OPERATIONS SEQUENCE: 
1,2,3,4,5,6,7,8,9,10,11,12,13,14,15,16
17,18,19,20,21,22,23,24,25,26,27,28,29,30,31,32
33,34,35,36,37,38,39,40,41,42,43,44,45,46,47,48
49,50,51,52,53,54,55,56,57,58,59,60,61,62,63,64
65,66,67,68,69,70,71,72,73,74,75,76,77,78,79,80
81,82,83,84,85,86,87,88,89,90,91,92,93,94,95,96
97,98,99,100,101,102,103,104,105,106,107,108,109,110,111,112
113,114,115,116,117,118,119,120,121,122,123,124,125,126,127,128
129,130,131,132,133,134,135,136,137,138,139,140,141,142,143,144
145,146,147,148,149,150,151,152,153,154,155,156,157,158,159,160
161,162,163,164,165,166,167,168,169,170,171,172,173,174,175,176
177,178,179,180,181,182,183,184,185,186,187,188,189,190,191,192
193,194,195,196,197,198,199,200,201,202,203,204,205,206,207,208
209,210,211,212,213,214,215,216,217,218,219,220,221,222,223,224
225,226,227,228,229,230,231,232,233,234,235,236,237,238,239,240
MACHINE PREDECESSOR INFO: OPERATION, MACHINE PREDECESSOR 
1
2
3
4
5,162
6,34
7,86
8,181
9,171
10,98
11,115
12,196
13,197
14,31
15,211
16
17
18
19,35
20,84
21,83
22,6
23,88
24,182
25,195
26,10
27,52
28,226
29,175
30,120
31,228
32
33
34,161
35,1
36
37,3
38,164
39,5
40,9
41,89
42,26
43,30
44,147
45,149
46,65
47,54
48
49,179
50,184
51,24
52,100
53,118
54,132
55,189
56,191
57,107
58,69
59,204
60,213
61,138
62,158
63,111
64
65,123
66,44
67,131
68,233
69,125
70,124
71,135
72,203
73,235
74,216
75,206
76,127
77,60
78,218
79,239
80
81
82
83
84,36
85,4
86
87,18
88,38
89,165
90,172
91,116
92,225
93,173
94,198
95,227
96
97,178
98,163
99,169
100,8
101,40
102,91
103,95
104,145
105,187
106,231
107,152
108,68
109,55
110,155
111,222
112
113,193
114,97
115,23
116,50
117,183
118,101
119,25
120,93
121,12
122,209
123,230
124,130
125,190
126,47
127,153
128
129,210
130,14
131,122
132,212
133,15
134,201
135,202
136,106
137,214
138,217
139,237
140,156
141,77
142,221
143,78
144
145,29
146,121
147,13
148,229
149,129
150,200
151,232
152,188
153,133
154,70
155,205
156,59
157,137
158,73
159,220
160
161
162,17
163,81
164
165
166,20
167,82
168,85
169,87
170,194
171,180
172,113
173,177
174,114
175,185
176
177,2
178,19
179,166
180,21
181,167
182,170
183,99
184,39
185,7
186,41
187,11
188,28
189,45
190,150
191,67
192
193,37
194,33
195,168
196,49
197,117
198,174
199,27
200,42
201,105
202,151
203,53
204,108
205,56
206,126
207,154
208
209,92
210,119
211,103
212,104
213,148
214,46
215,134
216,136
217,234
218,57
219,71
220,139
221,236
222,207
223,140
224
225,22
226,90
227,51
228,186
229,94
230,199
231,146
232,102
233,43
234,66
235,215
236,58
237,72
238,75
239,109
240