Makespan: 1548
Start: 0
End: 121
OPERATIONS SEQUENCE: 
1,2,3,4,5,6
7,8,9,10,11,12
13,14,15,16,17,18
19,20,21,22,23,24
25,26,27,28,29,30
31,32,33,34,35,36
37,38,39,40,41,42
43,44,45,46,47,48
49,50,51,52,53,54
55,56,57,58,59,60
61,62,63,64,65,66
67,68,69,70,71,72
73,74,75,76,77,78
79,80,81,82,83,84
85,86,87,88,89,90
91,92,93,94,95,96
97,98,99,100,101,102
103,104,105,106,107,108
109,110,111,112,113,114
115,116,117,118,119,120
MACHINE PREDECESSOR INFO: OPERATION, MACHINE PREDECESSOR 
1,33
2,51
3,85
4,98
5,86
6
7,5
8,79
9,117
10,118
11,20
12
13,37
14,74
15,39
16,40
17,63
18
19,9
20,67
21,91
22,92
23,70
24
25,77
26,16
27,65
28,31
29,59
30
31,57
32,58
33,27
34,50
35,97
36
37
38
39,73
40,76
41,14
42
43,93
44,105
45,106
46,110
47,111
48
49,64
50,56
51,32
52,28
53,1
54
55,41
56,25
57,17
58,26
59,49
60
61
62,13
63,75
64,15
65,55
66
67,81
68,83
69,19
70,10
71,21
72
73
74
75,38
76,61
77,62
78
79,99
80,89
81,115
82,101
83,116
84
85,34
86,35
87,2
88,53
89,4
90
91,119
92,68
93,11
94,103
95,44
96
97,29
98,52
99,87
100,88
101,3
102
103,69
104,71
105,23
106,109
107,43
108
109,22
110,104
111,94
112,107
113,95
114
115,100
116,7
117,80
118,82
119,8
120