Makespan: 808
Start: 0
End: 61
OPERATIONS SEQUENCE: 
1,2,3,4,5,6
7,8,9,10,11,12
13,14,15,16,17,18
19,20,21,22,23,24
25,26,27,28,29,30
31,32,33,34,35,36
37,38,39,40,41,42
43,44,45,46,47,48
49,50,51,52,53,54
55,56,57,58,59,60
MACHINE PREDECESSOR INFO: OPERATION, MACHINE PREDECESSOR 
1,22
2,21
3,32
4,55
5,28
6
7
8
9,50
10,43
11,51
12
13,52
14,11
15,19
16,20
17,41
18
19,40
20,45
21,46
22,17
23,47
24
25,15
26,16
27,1
28,23
29,2
30
31,25
32,26
33,27
34,29
35,5
36
37
38,7
39,9
40,10
41,53
42
43,49
44,8
45,39
46,13
47,14
48
49
50
51,37
52,38
53,44
54
55,31
56,33
57,3
58,34
59,35
60