Makespan: 1501
Start: 0
End: 121
OPERATIONS SEQUENCE: 
1,2,3,4,5,6
7,8,9,10,11,12
13,14,15,16,17,18
19,20,21,22,23,24
25,26,27,28,29,30
31,32,33,34,35,36
37,38,39,40,41,42
43,44,45,46,47,48
49,50,51,52,53,54
55,56,57,58,59,60
61,62,63,64,65,66
67,68,69,70,71,72
73,74,75,76,77,78
79,80,81,82,83,84
85,86,87,88,89,90
91,92,93,94,95,96
97,98,99,100,101,102
103,104,105,106,107,108
109,110,111,112,113,114
115,116,117,118,119,120
MACHINE PREDECESSOR INFO: OPERATION, MACHINE PREDECESSOR 
1,19
2,89
3,119
4,20
5,21
6
7,100
8,17
9,103
10,85
11,116
12
13,92
14,35
15,68
16,97
17,71
18
19,88
20,118
21,49
22,51
23,40
24
25,55
26,43
27,44
28,45
29,46
30
31,64
32,65
33,25
34,27
35,91
36
37,86
38,107
39,1
40,50
41,4
42
43,31
44,113
45,56
46,57
47,33
48
49,38
50,2
51,3
52,39
53,41
54
55,82
56,112
57,32
58,26
59,34
60
61
62
63,80
64,81
65,111
66
67,58
68,29
69,13
70,98
71,99
72
73
74
75,109
76,110
77,62
78
79,74
80,73
81,75
82,76
83,77
84
85,115
86,104
87,106
88,11
89,117
90
91,28
92,47
93,67
94,59
95,15
96
97,93
98,14
99,94
100,69
101,95
102
103,70
104,7
105,101
106,8
107,10
108
109
110,61
111,79
112,63
113,83
114
115,16
116,105
117,9
118,87
119,37
120