Makespan: 1173
Start: 0
End: 91
OPERATIONS SEQUENCE: 
1,2,3,4,5,6
7,8,9,10,11,12
13,14,15,16,17,18
19,20,21,22,23,24
25,26,27,28,29,30
31,32,33,34,35,36
37,38,39,40,41,42
43,44,45,46,47,48
49,50,51,52,53,54
55,56,57,58,59,60
61,62,63,64,65,66
67,68,69,70,71,72
73,74,75,76,77,78
79,80,81,82,83,84
85,86,87,88,89,90
MACHINE PREDECESSOR INFO: OPERATION, MACHINE PREDECESSOR 
1,27
2,19
3,21
4,55
5,22
6
7,41
8,46
9,45
10,1
11,20
12
13,34
14,74
15,35
16,75
17,76
18
19,7
20,47
21,29
22,28
23,49
24
25,85
26,37
27,87
28,8
29,9
30
31,51
32,57
33,52
34,53
35,73
36
37
38
39
40
41,44
42
43,38
44,25
45,86
46,88
47,89
48
49,10
50,3
51,4
52,56
53,59
54
55,11
56,2
57,23
58,61
59,62
60
61,50
62,5
63,31
64,32
65,33
66
67,58
68,63
69,65
70,79
71,77
72
73,67
74,64
75,68
76,69
77,80
78
79,14
80,13
81,15
82,16
83,17
84
85
86,39
87,43
88,40
89,26
90