Makespan: 881
Start: 0
End: 61
OPERATIONS SEQUENCE: 
1,2,3,4,5,6
7,8,9,10,11,12
13,14,15,16,17,18
19,20,21,22,23,24
25,26,27,28,29,30
31,32,33,34,35,36
37,38,39,40,41,42
43,44,45,46,47,48
49,50,51,52,53,54
55,56,57,58,59,60
MACHINE PREDECESSOR INFO: OPERATION, MACHINE PREDECESSOR 
1,11
2,52
3,55
4,56
5,57
6
7
8,49
9
10
11,50
12
13,23
14,33
15,45
16,40
17,41
18
19,1
20,2
21,29
22,5
23,37
24
25,7
26,8
27,53
28,19
29,3
30
31,58
32,22
33,38
34,44
35,46
36
37,4
38,21
39,31
40,43
41,34
42
43,32
44,59
45,39
46,13
47,14
48
49
50
51,9
52,25
53,10
54
55,51
56,26
57,27
58,28
59,20
60