Makespan: 1475
Start: 0
End: 166
OPERATIONS SEQUENCE: 
1,2,3,4,5,6,7,8,9,10,11
12,13,14,15,16,17,18,19,20,21,22
23,24,25,26,27,28,29,30,31,32,33
34,35,36,37,38,39,40,41,42,43,44
45,46,47,48,49,50,51,52,53,54,55
56,57,58,59,60,61,62,63,64,65,66
67,68,69,70,71,72,73,74,75,76,77
78,79,80,81,82,83,84,85,86,87,88
89,90,91,92,93,94,95,96,97,98,99
100,101,102,103,104,105,106,107,108,109,110
111,112,113,114,115,116,117,118,119,120,121
122,123,124,125,126,127,128,129,130,131,132
133,134,135,136,137,138,139,140,141,142,143
144,145,146,147,148,149,150,151,152,153,154
155,156,157,158,159,160,161,162,163,164,165
MACHINE PREDECESSOR INFO: OPERATION, MACHINE PREDECESSOR 
1,18
2,162
3,19
4,122
5,46
6,75
7,74
8,101
9,134
10,114
11
12
13,155
14
15,79
16,91
17,159
18,67
19,69
20,97
21,164
22
23,89
24,15
25,82
26,160
27,17
28,85
29,163
30,87
31,4
32,58
33
34
35
36,78
37,12
38,14
39,157
40,92
41,80
42,81
43,68
44
45,20
46,29
47,56
48,30
49,21
50,112
51,126
52,138
53,128
54,140
55
56,28
57,2
58,72
59,48
60,111
61,104
62,137
63,139
64,119
65,53
66
67,39
68,23
69,25
70,84
71,161
72,96
73,45
74,98
75,47
76,57
77
78
79,34
80
81,13
82,40
83,16
84,93
85,94
86,43
87,1
88
89
90
91,35
92,156
93,38
94,158
95,24
96,42
97,26
98,27
99
100,144
101,32
102,59
103,146
104,147
105,10
106,113
107,116
108,149
109,152
110
111,3
112,100
113,145
114,124
115,135
116,148
117,125
118,61
119,108
120,127
121
122,71
123,73
124,49
125,8
126,60
127,136
128,107
129,150
130,52
131,118
132
133,5
134,123
135,102
136,103
137,105
138,106
139,50
140,151
141,109
142,65
143
144,31
145,76
146,6
147,133
148,7
149,9
150,115
151,117
152,51
153,62
154
155
156
157,90
158,37
159,36
160,41
161,83
162,95
163,70
164,86
165