Makespan: 900
Start: 0
End: 61
OPERATIONS SEQUENCE: 
1,2,3,4,5,6
7,8,9,10,11,12
13,14,15,16,17,18
19,20,21,22,23,24
25,26,27,28,29,30
31,32,33,34,35,36
37,38,39,40,41,42
43,44,45,46,47,48
49,50,51,52,53,54
55,56,57,58,59,60
MACHINE PREDECESSOR INFO: OPERATION, MACHINE PREDECESSOR 
1,59
2,34
3,43
4,49
5,45
6
7,25
8
9,26
10,13
11,27
12
13
14,8
15,7
16,9
17,11
18
19,56
20,57
21,33
22,44
23,2
24
25
26
27
28,14
29,10
30
31,29
32,16
33,55
34,58
35,19
36
37,4
38,3
39,46
40,50
41,51
42
43,20
44,1
45,35
46,23
47,37
48
49,21
50,22
51,5
52,38
53,39
54
55,15
56,28
57,31
58,17
59,32
60