Makespan: 1870
Start: 0
End: 221
OPERATIONS SEQUENCE: 
1,2,3,4,5,6,7,8,9,10,11
12,13,14,15,16,17,18,19,20,21,22
23,24,25,26,27,28,29,30,31,32,33
34,35,36,37,38,39,40,41,42,43,44
45,46,47,48,49,50,51,52,53,54,55
56,57,58,59,60,61,62,63,64,65,66
67,68,69,70,71,72,73,74,75,76,77
78,79,80,81,82,83,84,85,86,87,88
89,90,91,92,93,94,95,96,97,98,99
100,101,102,103,104,105,106,107,108,109,110
111,112,113,114,115,116,117,118,119,120,121
122,123,124,125,126,127,128,129,130,131,132
133,134,135,136,137,138,139,140,141,142,143
144,145,146,147,148,149,150,151,152,153,154
155,156,157,158,159,160,161,162,163,164,165
166,167,168,169,170,171,172,173,174,175,176
177,178,179,180,181,182,183,184,185,186,187
188,189,190,191,192,193,194,195,196,197,198
199,200,201,202,203,204,205,206,207,208,209
210,211,212,213,214,215,216,217,218,219,220
MACHINE PREDECESSOR INFO: OPERATION, MACHINE PREDECESSOR 
1,192
2,64
3,65
4,186
5,133
6,173
7,67
8,70
9,211
10,72
11
12,54
13,212
14,127
15,141
16,144
17,145
18,218
19,81
20,92
21,106
22
23
24,57
25,190
26,193
27,49
28,2
29,36
30,37
31,175
32,122
33
34,188
35,182
36,184
37,50
38,5
39,53
40,32
41,71
42,155
43,157
44
45
46,23
47
48,60
49,34
50,194
51,172
52,29
53,28
54,8
55
56
57
58
59,167
60
61,179
62,168
63,180
64,170
65,26
66
67,196
68,4
69,52
70,134
71,174
72,135
73,38
74,136
75,216
76,215
77
78,103
79,129
80,90
81,112
82,201
83,18
84,115
85,203
86,152
87,20
88
89,164
90,17
91,131
92,149
93,202
94,84
95,148
96,151
97,150
98,108
99
100,43
101,14
102,128
103,161
104,199
105,80
106,89
107,93
108,205
109,85
110
111,219
112,147
113,79
114,104
115,200
116,105
117,95
118,96
119,207
120,109
121
122,51
123,7
124,210
125,39
126,73
127,213
128,159
129,15
130,100
131,16
132
133,185
134,197
135,30
136,124
137,40
138,41
139,125
140,156
141,214
142,13
143
144,140
145,75
146,162
147,163
148,78
149,114
150,82
151,204
152,21
153,107
154
155,31
156,9
157,12
158,137
159,138
160,126
161,142
162,101
163,76
164,74
165
166
167,45
168,46
169,58
170,189
171,181
172,1
173,27
174,3
175,68
176
177,56
178
179
180,166
181,24
182,62
183,47
184,191
185,25
186,195
187
188,177
189,178
190,59
191,169
192,61
193,183
194,63
195,48
196,35
197,171
198
199,217
200,146
201,111
202,113
203,91
204,83
205,19
206,116
207,86
208,117
209
210,6
211,69
212,123
213,10
214,42
215,139
216,158
217,160
218,102
219,130
220