Makespan: 2928
Start: 0
End: 331
OPERATIONS SEQUENCE: 
1,2,3,4,5,6,7,8,9,10,11
12,13,14,15,16,17,18,19,20,21,22
23,24,25,26,27,28,29,30,31,32,33
34,35,36,37,38,39,40,41,42,43,44
45,46,47,48,49,50,51,52,53,54,55
56,57,58,59,60,61,62,63,64,65,66
67,68,69,70,71,72,73,74,75,76,77
78,79,80,81,82,83,84,85,86,87,88
89,90,91,92,93,94,95,96,97,98,99
100,101,102,103,104,105,106,107,108,109,110
111,112,113,114,115,116,117,118,119,120,121
122,123,124,125,126,127,128,129,130,131,132
133,134,135,136,137,138,139,140,141,142,143
144,145,146,147,148,149,150,151,152,153,154
155,156,157,158,159,160,161,162,163,164,165
166,167,168,169,170,171,172,173,174,175,176
177,178,179,180,181,182,183,184,185,186,187
188,189,190,191,192,193,194,195,196,197,198
199,200,201,202,203,204,205,206,207,208,209
210,211,212,213,214,215,216,217,218,219,220
221,222,223,224,225,226,227,228,229,230,231
232,233,234,235,236,237,238,239,240,241,242
243,244,245,246,247,248,249,250,251,252,253
254,255,256,257,258,259,260,261,262,263,264
265,266,267,268,269,270,271,272,273,274,275
276,277,278,279,280,281,282,283,284,285,286
287,288,289,290,291,292,293,294,295,296,297
298,299,300,301,302,303,304,305,306,307,308
309,310,311,312,313,314,315,316,317,318,319
320,321,322,323,324,325,326,327,328,329,330
MACHINE PREDECESSOR INFO: OPERATION, MACHINE PREDECESSOR 
1,35
2,112
3,113
4,156
5,106
6,315
7,157
8,116
9,159
10,210
11
12,36
13,38
14,105
15,107
16,316
17,272
18,160
19,287
20,288
21,71
22
23,211
24,162
25,19
26,20
27,214
28,169
29,125
30,171
31,276
32,128
33
34
35
36
37,266
38,310
39,311
40,267
41,269
42,14
43,5
44
45,222
46,131
47,223
48,136
49,247
50,149
51,249
52,178
53,141
54,200
55
56,230
57,252
58,89
59,321
60,235
61,323
62,324
63,184
64,81
65,327
66
67,15
68,118
69,16
70,17
71,120
72,166
73,212
74,167
75,168
76,122
77
78,181
79,258
80,259
81,237
82,325
83,63
84,205
85,239
86,185
87,240
88
89,179
90,153
91,180
92,233
93,60
94,203
95,64
96,83
97,65
98,262
99
100
101
102
103
104,1
105,265
106,313
107,3
108,314
109,41
110
111
112
113,309
114,12
115,37
116,39
117,42
118,6
119,271
120,270
121
122,289
123,26
124,290
125,170
126,188
127,30
128,298
129,192
130,279
131,301
132
133,31
134,144
135,175
136,284
137,302
138,303
139,225
140,177
141,306
142,251
143
144,296
145,130
146,45
147,137
148,46
149,246
150,226
151,227
152,51
153,52
154
155,312
156,13
157,115
158,108
159,117
160,43
161,68
162,70
163,69
164,273
165
166,10
167,318
168,25
169,215
170,164
171,291
172,76
173,190
174,299
175,300
176
177,148
178,138
179,229
180,255
181,199
182,201
183,59
184,236
185,260
186,97
187
188,27
189,216
190,292
191,29
192,217
193,172
194,295
195,127
196,283
197,244
198
199,250
200,151
201,254
202,232
203,183
204,62
205,261
206,326
207,96
208,86
209
210,158
211,119
212,18
213,24
214,163
215,21
216,123
217,75
218,293
219,191
220
221,195
222,282
223,134
224,245
225,196
226,48
227,304
228,140
229,50
230,49
231
232,57
233,320
234,90
235,78
236,322
237,182
238,79
239,204
240,94
241,206
242
243,221
244,133
245,145
246,135
247,147
248,47
249,139
250,150
251,305
252,228
253
254,307
255,142
256,152
257,53
258,54
259,58
260,92
261,61
262,82
263,328
264
265
266,100
267,102
268,111
269,2
270,155
271,4
272,8
273,67
274,72
275
276,124
277,189
278,219
279,173
280,193
281,194
282,129
283,32
284,174
285,243
286
287,317
288,161
289,23
290,274
291,73
292,213
293,74
294,126
295,28
296,278
297
298,218
299,294
300,277
301,281
302,280
303,285
304,197
305,146
306,224
307,248
308
309,34
310,101
311,103
312,104
313,268
314,114
315,40
316,109
317,7
318,9
319
320,56
321,257
322,256
323,234
324,91
325,202
326,80
327,238
328,93
329,95
330