Makespan: 1148
Start: 0
End: 111
OPERATIONS SEQUENCE: 
1,2,3,4,5,6,7,8,9,10,11
12,13,14,15,16,17,18,19,20,21,22
23,24,25,26,27,28,29,30,31,32,33
34,35,36,37,38,39,40,41,42,43,44
45,46,47,48,49,50,51,52,53,54,55
56,57,58,59,60,61,62,63,64,65,66
67,68,69,70,71,72,73,74,75,76,77
78,79,80,81,82,83,84,85,86,87,88
89,90,91,92,93,94,95,96,97,98,99
100,101,102,103,104,105,106,107,108,109,110
MACHINE PREDECESSOR INFO: OPERATION, MACHINE PREDECESSOR 
1
2
3,101
4,100
5
6,102
7,16
8,103
9,23
10,74
11
12
13,68
14
15,3
16,69
17,5
18,70
19,38
20,61
21,9
22
23,104
24,36
25,19
26,18
27,89
28,39
29,49
30,82
31,41
32,85
33
34,1
35,57
36,6
37,17
38,72
39,59
40,48
41,79
42,92
43,51
44
45,24
46,62
47,10
48,107
49,65
50,108
51,81
52,83
53,93
54,84
55
56,13
57,67
58,14
59,71
60,8
61,73
62,105
63,25
64,26
65,76
66
67
68
69
70,34
71,15
72,4
73,2
74,58
75,60
76,106
77
78,64
79,46
80,21
81,27
82,40
83,28
84,91
85,42
86,90
87,94
88
89,75
90,45
91,63
92,109
93,80
94,29
95,50
96,30
97,52
98,31
99
100
101
102,56
103,12
104,35
105,7
106,37
107,20
108,78
109,47
110