Makespan: 1683
Start: 0
End: 241
OPERATIONS SEQUENCE: 
1,2,3,4,5,6,7,8,9,10,11,12,13,14,15,16
17,18,19,20,21,22,23,24,25,26,27,28,29,30,31,32
33,34,35,36,37,38,39,40,41,42,43,44,45,46,47,48
49,50,51,52,53,54,55,56,57,58,59,60,61,62,63,64
65,66,67,68,69,70,71,72,73,74,75,76,77,78,79,80
81,82,83,84,85,86,87,88,89,90,91,92,93,94,95,96
97,98,99,100,101,102,103,104,105,106,107,108,109,110,111,112
113,114,115,116,117,118,119,120,121,122,123,124,125,126,127,128
129,130,131,132,133,134,135,136,137,138,139,140,141,142,143,144
145,146,147,148,149,150,151,152,153,154,155,156,157,158,159,160
161,162,163,164,165,166,167,168,169,170,171,172,173,174,175,176
177,178,179,180,181,182,183,184,185,186,187,188,189,190,191,192
193,194,195,196,197,198,199,200,201,202,203,204,205,206,207,208
209,210,211,212,213,214,215,216,217,218,219,220,221,222,223,224
225,226,227,228,229,230,231,232,233,234,235,236,237,238,239,240
MACHINE PREDECESSOR INFO: OPERATION, MACHINE PREDECESSOR 
1,200
2,105
3,126
4,22
5,94
6,178
7,183
8,234
9,39
10,184
11,186
12,28
13,189
14,44
15,30
16
17,197
18,83
19,75
20,101
21,229
22,87
23,158
24,50
25,179
26,182
27,7
28,108
29,42
30,188
31,110
32
33,169
34,171
35,173
36,20
37,1
38,23
39,24
40,54
41,26
42,185
43,25
44,187
45,11
46,60
47,191
48
49,78
50,230
51,90
52,3
53,37
54,106
55,93
56,92
57,91
58,233
59,235
60,8
61,29
62,109
63,238
64
65
66,113
67
68
69,163
70,115
71,212
72,118
73,131
74,137
75,217
76,84
77,85
78,34
79,86
80
81,150
82,216
83,140
84,219
85,154
86,222
87,228
88,175
89,19
90,142
91,174
92,21
93,231
94,201
95,180
96
97,148
98,214
99,121
100,81
101,74
102,17
103,220
104,155
105,77
106,156
107,202
108,95
109,205
110,59
111,27
112
113
114
115,145
116,193
117,194
118,209
119,130
120,135
121,165
122,97
123,153
124,221
125,104
126,88
127,49
128
129
130
131
132,67
133,114
134,65
135,68
136,116
137,149
138,215
139,166
140,98
141,100
142,33
143,198
144
145
146,129
147,66
148,132
149,117
150,69
151,225
152,73
153,139
154,218
155,226
156,76
157,35
158,79
159,177
160
161
162
163
164,147
165
166,71
167,213
168,119
169,151
170,195
171,196
172,122
173,199
174,227
175,103
176
177,89
178,157
179,2
180,127
181,53
182,204
183,203
184,55
185,5
186,206
187,57
188,236
189,58
190,207
191,62
192
193,162
194,210
195,133
196,211
197,138
198,99
199,82
200,18
201,125
202,159
203,51
204,232
205,4
206,56
207,9
208
209
210,161
211,146
212
213,134
214,164
215,70
216,120
217,168
218,136
219,170
220,152
221,141
222,143
223,172
224
225,72
226,167
227,102
228,123
229,223
230,124
231,36
232,52
233,38
234,107
235,6
236,40
237,181
238,43
239,12
240