Makespan: 1127
Start: 0
End: 91
OPERATIONS SEQUENCE: 
1,2,3,4,5,6
7,8,9,10,11,12
13,14,15,16,17,18
19,20,21,22,23,24
25,26,27,28,29,30
31,32,33,34,35,36
37,38,39,40,41,42
43,44,45,46,47,48
49,50,51,52,53,54
55,56,57,58,59,60
61,62,63,64,65,66
67,68,69,70,71,72
73,74,75,76,77,78
79,80,81,82,83,84
85,86,87,88,89,90
MACHINE PREDECESSOR INFO: OPERATION, MACHINE PREDECESSOR 
1
2,73
3,26
4,77
5,37
6
7,56
8,57
9,45
10,58
11,32
12
13,25
14,75
15,76
16,3
17,29
18
19,46
20,47
21,9
22,67
23,68
24
25
26,74
27,14
28,15
29,49
30
31,8
32,59
33,19
34,21
35,22
36
37,28
38,16
39,80
40,85
41,81
42
43,88
44,89
45,55
46,7
47,31
48
49,2
50,27
51,5
52,86
53,41
54
55,61
56,62
57,63
58,65
59,64
60
61,40
62,87
63,83
64,43
65,44
66
67,10
68,11
69,33
70,34
71,20
72
73
74
75,1
76
77,13
78
79,17
80,50
81,4
82,51
83,52
84
85,79
86,38
87,39
88,82
89,53
90