Makespan: 1933
Start: 0
End: 221
OPERATIONS SEQUENCE: 
1,2,3,4,5,6,7,8,9,10,11
12,13,14,15,16,17,18,19,20,21,22
23,24,25,26,27,28,29,30,31,32,33
34,35,36,37,38,39,40,41,42,43,44
45,46,47,48,49,50,51,52,53,54,55
56,57,58,59,60,61,62,63,64,65,66
67,68,69,70,71,72,73,74,75,76,77
78,79,80,81,82,83,84,85,86,87,88
89,90,91,92,93,94,95,96,97,98,99
100,101,102,103,104,105,106,107,108,109,110
111,112,113,114,115,116,117,118,119,120,121
122,123,124,125,126,127,128,129,130,131,132
133,134,135,136,137,138,139,140,141,142,143
144,145,146,147,148,149,150,151,152,153,154
155,156,157,158,159,160,161,162,163,164,165
166,167,168,169,170,171,172,173,174,175,176
177,178,179,180,181,182,183,184,185,186,187
188,189,190,191,192,193,194,195,196,197,198
199,200,201,202,203,204,205,206,207,208,209
210,211,212,213,214,215,216,217,218,219,220
MACHINE PREDECESSOR INFO: OPERATION, MACHINE PREDECESSOR 
1,100
2,179
3,29
4,126
5,103
6,185
7,97
8,98
9,131
10,159
11
12,72
13,40
14,208
15,41
16,87
17,150
18,43
19,152
20,139
21,173
22
23
24
25,178
26,190
27,90
28,1
29,180
30,102
31,92
32,193
33
34,51
35,145
36,133
37,54
38,205
39,82
40,59
41,167
42,86
43,170
44
45,194
46,196
47,108
48,116
49,199
50,9
51,158
52,201
53,160
54,119
55
56,52
57,80
58,35
59,134
60,206
61,207
62,12
63,168
64,14
65,15
66
67,49
68,202
69,203
70,34
71,37
72,166
73,58
74,136
75,85
76,63
77
78,144
79,67
80,69
81,120
82,56
83,70
84,148
85,60
86,62
87,169
88
89
90,188
91,212
92,191
93,181
94,2
95,3
96,127
97,104
98,195
99
100
101,24
102,213
103,124
104,216
105,4
106,32
107,113
108,130
109,114
110
111,128
112,218
113,129
114,45
115,186
116,8
117,7
118,47
119,78
120,68
121
122,23
123
124,25
125,26
126,214
127,182
128,215
129,217
130,6
131,155
132
133,163
134,81
135,57
136,39
137,61
138,64
139,76
140,16
141,42
142,65
143
144,156
145,10
146,204
147,164
148,38
149,135
150,74
151,13
152,75
153,138
154
155,106
156,197
157,112
158,115
159,200
160,117
161,109
162,48
163,118
164,79
165
166,146
167,147
168,84
169,73
170,149
171,151
172,17
173,137
174,19
175,153
176
177
178,89
179,211
180,189
181,101
182,192
183,30
184,125
185,31
186,105
187
188
189
190
191,210
192,28
193,91
194,94
195,183
196,111
197,219
198
199,107
200,46
201,157
202,50
203,161
204,162
205,53
206,36
207,71
208,83
209
210
211,122
212,177
213,123
214,27
215,93
216,184
217,95
218,96
219,5
220