Makespan: 1565
Start: 0
End: 121
OPERATIONS SEQUENCE: 
1,2,3,4,5,6
7,8,9,10,11,12
13,14,15,16,17,18
19,20,21,22,23,24
25,26,27,28,29,30
31,32,33,34,35,36
37,38,39,40,41,42
43,44,45,46,47,48
49,50,51,52,53,54
55,56,57,58,59,60
61,62,63,64,65,66
67,68,69,70,71,72
73,74,75,76,77,78
79,80,81,82,83,84
85,86,87,88,89,90
91,92,93,94,95,96
97,98,99,100,101,102
103,104,105,106,107,108
109,110,111,112,113,114
115,116,117,118,119,120
MACHINE PREDECESSOR INFO: OPERATION, MACHINE PREDECESSOR 
1,17
2,105
3,107
4,76
5,57
6
7
8
9,73
10,14
11,75
12
13
14
15,74
16,103
17,104
18
19,99
20,29
21,100
22,101
23,91
24
25,81
26,86
27,82
28,88
29,98
30
31,109
32,64
33,110
34,112
35,44
36
37,117
38,22
39,23
40,92
41,94
42
43,31
44,111
45,33
46,113
47,80
48
49,32
50,43
51,34
52,35
53,85
54
55,11
56,1
57,77
58,2
59,4
60
61,56
62,3
63,58
64,5
65,59
66
67,25
68,26
69,28
70,115
71,20
72
73
74,7
75,13
76,16
77,106
78
79,50
80,51
81,52
82,53
83,87
84
85,45
86,79
87,46
88,47
89,67
90
91,70
92,116
93,37
94,118
95,119
96
97,27
98,83
99,89
100,68
101,69
102
103,8
104,9
105,15
106,10
107,55
108
109,61
110,62
111,63
112,65
113,49
114
115,97
116,19
117,71
118,21
119,38
120