Makespan: 1328
Start: 0
End: 166
OPERATIONS SEQUENCE: 
1,2,3,4,5,6,7,8,9,10,11
12,13,14,15,16,17,18,19,20,21,22
23,24,25,26,27,28,29,30,31,32,33
34,35,36,37,38,39,40,41,42,43,44
45,46,47,48,49,50,51,52,53,54,55
56,57,58,59,60,61,62,63,64,65,66
67,68,69,70,71,72,73,74,75,76,77
78,79,80,81,82,83,84,85,86,87,88
89,90,91,92,93,94,95,96,97,98,99
100,101,102,103,104,105,106,107,108,109,110
111,112,113,114,115,116,117,118,119,120,121
122,123,124,125,126,127,128,129,130,131,132
133,134,135,136,137,138,139,140,141,142,143
144,145,146,147,148,149,150,151,152,153,154
155,156,157,158,159,160,161,162,163,164,165
MACHINE PREDECESSOR INFO: OPERATION, MACHINE PREDECESSOR 
1,54
2,133
3,37
4,114
5,117
6,85
7,43
8,42
9,118
10,130
11
12,92
13,25
14,58
15,90
16,27
17,96
18,152
19,63
20,104
21,80
22
23
24
25
26,57
27,68
28,70
29,46
30,100
31,76
32,73
33
34,123
35,64
36,18
37,112
38,82
39,109
40,84
41,115
42,137
43,159
44
45,147
46,95
47,15
48,101
49,97
50,17
51,151
52,19
53,34
54,65
55
56
57,145
58,91
59,12
60,146
61,72
62,31
63,98
64,153
65,103
66
67
68,89
69,56
70
71,26
72,93
73,45
74,94
75,60
76,47
77
78,32
79,122
80,51
81,124
82,20
83,135
84,2
85,158
86,140
87,141
88
89
90,144
91
92,67
93,23
94,13
95,69
96,71
97,75
98,149
99
100,148
101,74
102,29
103,150
104,49
105,50
106,78
107,52
108,111
109,156
110
111,79
112,155
113,81
114,157
115,126
116,83
117,138
118,139
119,40
120,6
121
122,62
123,30
124,105
125,35
126,1
127,38
128,39
129,3
130,160
131,163
132
133,107
134,53
135,36
136,108
137,113
138,127
139,128
140,41
141,4
142,129
143
144
145
146,24
147,14
148,59
149,28
150,16
151,61
152,102
153,48
154
155,106
156,21
157,125
158,134
159,136
160,116
161,5
162,86
163,119
164,8
165