Makespan: 2769
Start: 0
End: 331
OPERATIONS SEQUENCE: 
1,2,3,4,5,6,7,8,9,10,11
12,13,14,15,16,17,18,19,20,21,22
23,24,25,26,27,28,29,30,31,32,33
34,35,36,37,38,39,40,41,42,43,44
45,46,47,48,49,50,51,52,53,54,55
56,57,58,59,60,61,62,63,64,65,66
67,68,69,70,71,72,73,74,75,76,77
78,79,80,81,82,83,84,85,86,87,88
89,90,91,92,93,94,95,96,97,98,99
100,101,102,103,104,105,106,107,108,109,110
111,112,113,114,115,116,117,118,119,120,121
122,123,124,125,126,127,128,129,130,131,132
133,134,135,136,137,138,139,140,141,142,143
144,145,146,147,148,149,150,151,152,153,154
155,156,157,158,159,160,161,162,163,164,165
166,167,168,169,170,171,172,173,174,175,176
177,178,179,180,181,182,183,184,185,186,187
188,189,190,191,192,193,194,195,196,197,198
199,200,201,202,203,204,205,206,207,208,209
210,211,212,213,214,215,216,217,218,219,220
221,222,223,224,225,226,227,228,229,230,231
232,233,234,235,236,237,238,239,240,241,242
243,244,245,246,247,248,249,250,251,252,253
254,255,256,257,258,259,260,261,262,263,264
265,266,267,268,269,270,271,272,273,274,275
276,277,278,279,280,281,282,283,284,285,286
287,288,289,290,291,292,293,294,295,296,297
298,299,300,301,302,303,304,305,306,307,308
309,310,311,312,313,314,315,316,317,318,319
320,321,322,323,324,325,326,327,328,329,330
MACHINE PREDECESSOR INFO: OPERATION, MACHINE PREDECESSOR 
1,89
2
3,323
4,277
5,276
6,324
7,281
8,285
9,256
10,257
11
12,86
13,212
14,140
15,213
16,291
17,191
18,72
19,192
20,195
21,74
22
23,164
24,247
25,248
26,102
27,59
28,60
29,316
30,62
31,107
32,65
33
34,8
35,223
36,269
37,10
38,226
39,307
40,162
41,163
42,274
43,246
44
45,29
46,318
47,251
48,80
49,145
50,146
51,82
52,109
53,237
54,148
55
56,228
57,314
58,23
59,101
60,104
61,249
62,315
63,79
64,105
65,175
66
67,239
68,54
69,241
70,12
71,87
72,151
73,14
74,293
75,153
76,190
77
78,100
79,25
80,250
81,252
82,133
83,135
84,136
85,210
86,139
87,289
88
89
90
91
92
93
94,178
95,181
96,180
97,179
98,326
99
100,313
101,230
102,57
103,172
104,43
105,173
106,174
107,122
108,63
109,147
110
111
112,321
113,90
114,91
115,94
116,182
117,201
118,98
119,184
120,267
121
122,61
123,28
124,45
125,47
126,232
127,234
128,48
129,108
130,50
131,236
132
133,123
134,32
135,233
136,125
137,49
138,131
139,235
140,52
141,211
142,290
143
144,46
145,126
146,134
147,127
148,83
149,84
150,67
151,189
152,214
153,193
154
155,283
156,284
157,120
158,259
159,207
160,37
161,310
162,167
163,311
164,244
165
166,208
167,271
168,227
169,159
170,161
171,41
172,56
173,24
174,58
175,78
176
177
178,320
179,112
180,111
181,2
182,3
183,279
184,325
185,117
186,6
187
188,85
189,141
190,13
191,150
192,71
193,15
194,16
195,215
196,217
197,294
198
199,114
200,95
201,278
202,280
203,116
204,300
205,303
206,304
207,270
208,306
209
210,137
211,238
212,240
213,142
214,70
215,292
216,17
217,73
218,194
219,19
220
221,302
222,155
223,156
224,9
225,157
226,262
227,158
228,243
229,169
230,40
231
232,64
233,31
234,81
235,124
236,144
237,129
238,128
239,288
240,287
241,149
242
243,160
244,38
245,39
246,273
247,312
248,170
249,171
250,26
251,317
252,30
253
254,200
255,298
256,329
257,266
258,222
259,205
260,204
261,36
262,206
263,305
264
265,203
266,301
267,282
268,7
269,221
270,34
271,260
272,224
273,166
274,168
275
276,177
277,92
278,322
279,199
280,96
281,97
282,327
283,186
284,265
285,255
286
287,130
288,51
289,138
290,53
291,68
292,69
293,188
294,152
295,18
296,196
297
298,115
299,183
300,118
301,328
302,185
303,119
304,268
305,35
306,309
307,225
308
309,258
310,261
311,272
312,263
313,245
314,229
315,42
316,103
317,27
318,106
319
320
321
322,1
323,93
324,113
325,4
326,5
327,254
328,202
329,299
330