Makespan: 1194
Start: 0
End: 91
OPERATIONS SEQUENCE: 
1,2,3,4,5,6
7,8,9,10,11,12
13,14,15,16,17,18
19,20,21,22,23,24
25,26,27,28,29,30
31,32,33,34,35,36
37,38,39,40,41,42
43,44,45,46,47,48
49,50,51,52,53,54
55,56,57,58,59,60
61,62,63,64,65,66
67,68,69,70,71,72
73,74,75,76,77,78
79,80,81,82,83,84
85,86,87,88,89,90
MACHINE PREDECESSOR INFO: OPERATION, MACHINE PREDECESSOR 
1,70
2,23
3,56
4,77
5,89
6
7,83
8,40
9,15
10,41
11,63
12
13,82
14,29
15,39
16,7
17,8
18
19
20,32
21,51
22,52
23,69
24
25,88
26,5
27,45
28,80
29,81
30
31
32
33,67
34,50
35,21
36
37,43
38,26
39,28
40,61
41,62
42
43,4
44,58
45,59
46,79
47,38
48
49,31
50,19
51,68
52,33
53,20
54
55,22
56,73
57,74
58,86
59,87
60
61,46
62,13
63,14
64,16
65,9
66
67
68
69,49
70,53
71,34
72
73,35
74,71
75,1
76,2
77,85
78
79,25
80,44
81,37
82,27
83,47
84
85,55
86,75
87,76
88,3
89,57
90