Makespan: 1483
Start: 0
End: 166
OPERATIONS SEQUENCE: 
1,2,3,4,5,6,7,8,9,10,11
12,13,14,15,16,17,18,19,20,21,22
23,24,25,26,27,28,29,30,31,32,33
34,35,36,37,38,39,40,41,42,43,44
45,46,47,48,49,50,51,52,53,54,55
56,57,58,59,60,61,62,63,64,65,66
67,68,69,70,71,72,73,74,75,76,77
78,79,80,81,82,83,84,85,86,87,88
89,90,91,92,93,94,95,96,97,98,99
100,101,102,103,104,105,106,107,108,109,110
111,112,113,114,115,116,117,118,119,120,121
122,123,124,125,126,127,128,129,130,131,132
133,134,135,136,137,138,139,140,141,142,143
144,145,146,147,148,149,150,151,152,153,154
155,156,157,158,159,160,161,162,163,164,165
MACHINE PREDECESSOR INFO: OPERATION, MACHINE PREDECESSOR 
1,75
2,85
3,133
4,134
5,34
6,102
7,91
8,36
9,104
10,94
11
12
13
14
15,144
16,59
17,145
18,126
19,62
20,63
21,74
22
23,76
24,164
25,2
26,5
27,6
28,46
29,95
30,37
31,114
32,51
33
34,152
35,1
36,45
37,90
38,105
39,10
40,111
41,96
42,97
43,50
44
45,135
46,103
47,93
48,112
49,139
50,140
51,108
52,41
53,141
54,117
55
56
57
58
59,123
60,80
61,82
62,158
63,125
64,71
65,149
66
67,79
68,78
69,156
70,16
71,146
72,160
73,18
74,83
75,100
76,129
77
78,122
79,155
80,13
81,58
82,15
83,57
84,64
85,65
86,162
87,130
88
89,23
90,3
91,24
92,25
93,35
94,136
95,106
96,138
97,115
98,48
99
100,128
101,150
102,151
103,4
104,89
105,92
106,8
107,7
108,39
109,98
110
111,9
112,137
113,107
114,47
115,28
116,29
117,30
118,49
119,32
120,52
121
122
123
124,14
125,67
126,157
127,69
128,147
129,161
130,72
131,163
132
133,101
134,86
135,87
136,153
137,26
138,27
139,38
140,113
141,40
142,31
143
144
145,56
146,124
147,159
148,70
149,127
150,19
151,73
152,20
153,131
154
155
156,12
157,81
158,68
159,60
160,17
161,61
162,148
163,21
164,84
165