Makespan: 1937
Start: 0
End: 221
OPERATIONS SEQUENCE: 
1,2,3,4,5,6,7,8,9,10,11
12,13,14,15,16,17,18,19,20,21,22
23,24,25,26,27,28,29,30,31,32,33
34,35,36,37,38,39,40,41,42,43,44
45,46,47,48,49,50,51,52,53,54,55
56,57,58,59,60,61,62,63,64,65,66
67,68,69,70,71,72,73,74,75,76,77
78,79,80,81,82,83,84,85,86,87,88
89,90,91,92,93,94,95,96,97,98,99
100,101,102,103,104,105,106,107,108,109,110
111,112,113,114,115,116,117,118,119,120,121
122,123,124,125,126,127,128,129,130,131,132
133,134,135,136,137,138,139,140,141,142,143
144,145,146,147,148,149,150,151,152,153,154
155,156,157,158,159,160,161,162,163,164,165
166,167,168,169,170,171,172,173,174,175,176
177,178,179,180,181,182,183,184,185,186,187
188,189,190,191,192,193,194,195,196,197,198
199,200,201,202,203,204,205,206,207,208,209
210,211,212,213,214,215,216,217,218,219,220
MACHINE PREDECESSOR INFO: OPERATION, MACHINE PREDECESSOR 
1,28
2,40
3,72
4,204
5,32
6,31
7,173
8,205
9,161
10,152
11
12,137
13,51
14,117
15,54
16,78
17,102
18,97
19,214
20,182
21,84
22
23,14
24,197
25,216
26,104
27,83
28,85
29,155
30,171
31,73
32,172
33
34,144
35,20
36,145
37,27
38,185
39,167
40,71
41,148
42,29
43,158
44
45,122
46,123
47,58
48,90
49,126
50,193
51,65
52,114
53,140
54,113
55
56
57
58
59,45
60
61,124
62,46
63,135
64,125
65,131
66
67,105
68,181
69,106
70,36
71,218
72,168
73,169
74,42
75,150
76,4
77
78,116
79,178
80,103
81,24
82,19
83,120
84,67
85,68
86,146
87,166
88
89
90,134
91,60
92,191
93,130
94,112
95,50
96,13
97,212
98,179
99
100,194
101,210
102,213
103,196
104,16
105,215
106,25
107,82
108,183
109,34
110
111,61
112,129
113,138
114,93
115,139
116,53
117,100
118,142
119,79
120,98
121
122
123
124,133
125,189
126,188
127,91
128,48
129,47
130,63
131,136
132
133
134,56
135
136,190
137,192
138,127
139,49
140,64
141,94
142,92
143
144,81
145,107
146,108
147,35
148,87
149,39
150,170
151,43
152,160
153,174
154
155,86
156,70
157,149
158,203
159,2
160,30
161,75
162,6
163,3
164,76
165
166,217
167,69
168,219
169,201
170,200
171,202
172,156
173,74
174,206
175,151
176
177,195
178,96
179,101
180,23
181,17
182,80
183,18
184,26
185,21
186,109
187
188,57
189,89
190
191,59
192,62
193,111
194,128
195,141
196,211
197,15
198
199,186
200,37
201,147
202,38
203,1
204,41
205,157
206,159
207,5
208,7
209
210,12
211,52
212,115
213,95
214,177
215,118
216,119
217,180
218,184
219,199
220