Makespan: 732
Start: 0
End: 61
OPERATIONS SEQUENCE: 
1,2,3,4,5,6
7,8,9,10,11,12
13,14,15,16,17,18
19,20,21,22,23,24
25,26,27,28,29,30
31,32,33,34,35,36
37,38,39,40,41,42
43,44,45,46,47,48
49,50,51,52,53,54
55,56,57,58,59,60
MACHINE PREDECESSOR INFO: OPERATION, MACHINE PREDECESSOR 
1
2,37
3,40
4,55
5,56
6
7,53
8,5
9,57
10,35
11,59
12
13,34
14,8
15,10
16,19
17,21
18
19,9
20,14
21,25
22,11
23,26
24
25,58
26,15
27,20
28,22
29,16
30
31,50
32,47
33,3
34,51
35,4
36
37
38
39,1
40,43
41,49
42
43
44
45,38
46,39
47,2
48
49,44
50,45
51,46
52,32
53,33
54
55,41
56,31
57,52
58,7
59,13
60